#first column : real data ; second column : estimated data from camera
|-180|-179.5260327829081|-0.4739672170919107|
|-180|-179.5736349214896|-0.4263650785104005|
|-180|-179.3613653613893|-0.6386346386107107|
|-180|-179.39841227302688|-0.601587726973122|
|-180|-179.53374452245123|-0.4662554775487706|
|-180|-179.94235831896594|-0.05764168103405609|
|-180|-179.88918437097738|-0.11081562902262476|
|-180|-179.63408993869123|-0.36591006130876735|
|-180|-179.68711980730302|-0.31288019269698|
|-170|-170.0149542611658|0.014954261165797789|
|-170|-170.01014615554286|0.010146155542855695|
|-170|-170.13707188366257|0.13707188366257128|
|-170|-170.1921480261277|0.1921480261277111|
|-170|-170.25510618019112|0.2551061801911203|
|-170|-169.70833199545854|-0.2916680045414637|
|-170|-170.3795195407918|0.3795195407917902|
|-170|-170.3925918333456|0.3925918333455911|
|-170|-170.556705541291|0.5567055412909951|
|-170|-170.45433200853103|0.4543320085310256|
|-160|-159.82743672996065|-0.17256327003934757|
|-160|-160.36155851931323|0.3615585193132347|
|-160|-160.36669745684236|0.36669745684235977|
|-160|-159.96482909549042|-0.03517090450958449|
|-160|-160.23829169661852|0.2382916966185178|
|-160|-160.29636539953447|0.2963653995344657|
|-160|-160.1559266044486|0.1559266044486094|
|-160|-160.29935001125267|0.29935001125267036|
|-160|-160.46384655924035|0.463846559240352|
|-160|-159.71222005356296|-0.2877799464370412|
|-150|-149.93585099879496|-0.0641490012050383|
|-150|-150.363210003231|0.3632100032309893|
|-150|-150.31820579354192|0.3182057935419209|
|-150|-150.12523224896466|0.12523224896466445|
|-150|-150.19376473539958|0.19376473539958283|
|-150|-149.76793740697207|-0.23206259302793342|
|-150|-150.23963456848108|0.23963456848107967|
|-150|-150.29802559491398|0.2980255949139803|
|-150|-149.80770542124418|-0.19229457875582057|
|-150|-150.00979974618312|0.00979974618311985|
|-140|-141.353534533769|1.3535345337689932|
|-140|-141.47797669004376|1.4779766900437608|
|-140|-141.10972028877248|1.109720288772479|
|-140|-141.44534585146167|1.445345851461667|
|-140|-141.2740827662878|1.2740827662877905|
|-140|-141.52141150488788|1.5214115048878796|
|-140|-141.71011170458806|1.7101117045880585|
|-140|-141.43220581403017|1.4322058140301692|
|-140|-141.3440579710946|1.3440579710945997|
|-140|-141.74669554845457|1.7466955484545679|
|-130|-130.752265946884|0.7522659468839947|
|-130|-130.46695288882682|0.4669528888268246|
|-130|-130.82448858501968|0.8244885850196795|
|-130|-130.51623675629276|0.5162367562927557|
|-130|-130.70797172788355|0.707971727883546|
|-130|-130.7232611628617|0.7232611628616894|
|-130|-130.61475731135886|0.6147573113588578|
|-130|-130.7185183300564|0.718518330056412|
|-130|-130.74832705090822|0.748327050908216|
|-130|-130.804745585543|0.804745585543003|
|-120|-119.73716504263831|-0.26283495736169016|
|-120|-119.4370128180119|-0.562987181988106|
|-120|-119.62315336046818|-0.37684663953181996|
|-120|-119.56318235073493|-0.43681764926506617|
|-120|-119.80831409912614|-0.19168590087386406|
|-120|-119.65933069278125|-0.34066930721874655|
|-120|-119.91878312149004|-0.08121687850996295|
|-120|-119.69375120808334|-0.30624879191665855|
|-120|-119.91331735551552|-0.08668264448448326|
|-120|-120.19376642984238|0.193766429842384|
|-110|-109.57777269039521|-0.4222273096047928|
|-110|-109.6606386466567|-0.33936135334330686|
|-110|-109.89334578898335|-0.10665421101664663|
|-110|-109.85589950711977|-0.1441004928802272|
|-110|-109.80180139933546|-0.19819860066453998|
|-110|-109.7633510464706|-0.23664895352939652|
|-110|-109.31517184631822|-0.684828153681778|
|-110|-110.30763739139928|0.3076373913992825|
|-110|-110.16191691205746|0.16191691205746395|
|-110|-109.61049500521953|-0.3895049947804665|
|-100|-98.78562704854765|-1.2143729514523471|
|-100|-99.15834346090142|-0.8416565390985795|
|-100|-99.04297931430291|-0.9570206856970884|
|-100|-99.04724145555122|-0.952758544448784|
|-100|-98.92772770088429|-1.0722722991157099|
|-100|-98.87314505872553|-1.1268549412744733|
|-100|-98.78417911375443|-1.2158208862455666|
|-100|-98.86735712746982|-1.1326428725301838|
|-100|-98.83538123733585|-1.1646187626641478|
|-100|-98.96994259736881|-1.0300574026311864|
|-90|-89.87765403704378|-0.12234596295621714|
|-90|-89.61216312701326|-0.38783687298673897|
|-90|-89.87910992413116|-0.12089007586884293|
|-90|-89.71763335910072|-0.28236664089928354|
|-90|-89.71925058995788|-0.2807494100421195|
|-90|-89.94808597982946|-0.051914020170542585|
|-90|-89.60441570417288|-0.3955842958271205|
|-90|-89.08156113771955|-0.9184388622804533|
|-90|-89.6083567466871|-0.39164325331290684|
|-90|-89.99939037742497|-0.0006096225750269468|
|-80|-79.52555201491212|-0.47444798508787756|
|-80|-79.37518691858828|-0.6248130814117161|
|-80|-79.22908997694083|-0.770910023059173|
|-80|-79.43214065789503|-0.5678593421049669|
|-80|-80.03554429521388|0.03554429521388158|
|-80|-79.54697754904575|-0.45302245095425064|
|-80|-79.43340664920854|-0.5665933507914644|
|-80|-79.25054109144229|-0.7494589085577132|
|-80|-79.5844751100836|-0.4155248899163979|
|-80|-79.46251564333674|-0.5374843566632563|
|-70|-68.61841104493138|-1.3815889550686222|
|-70|-68.49908709259145|-1.5009129074085479|
|-70|-69.1308979006216|-0.8691020993783951|
|-70|-68.85723160305189|-1.1427683969481137|
|-70|-68.67302145952432|-1.3269785404756789|
|-70|-69.40519246917323|-0.5948075308267704|
|-70|-68.37069638490736|-1.6293036150926383|
|-70|-68.82570364058589|-1.1742963594141145|
|-70|-68.69372504457246|-1.30627495542754|
|-70|-68.7716307802145|-1.228369219785506|
|-60|-59.23461729213439|-0.7653827078656121|
|-60|-59.47430603065372|-0.5256939693462783|
|-60|-58.72600208558732|-1.273997914412682|
|-60|-58.70662808676047|-1.2933719132395325|
|-60|-58.900358277813936|-1.099641722186064|
|-60|-59.32062972162653|-0.6793702783734688|
|-60|-58.77736813344659|-1.2226318665534066|
|-60|-58.98347941532565|-1.0165205846743532|
|-60|-58.7280680628662|-1.2719319371338003|
|-60|-59.20716569803582|-0.7928343019641773|
|-50|-49.39096673326096|-0.6090332667390399|
|-50|-49.4112814582991|-0.5887185417008993|
|-50|-49.424336281566944|-0.5756637184330557|
|-50|-49.12281022876518|-0.8771897712348178|
|-50|-49.14180580749249|-0.8581941925075114|
|-50|-49.21489028705019|-0.7851097129498115|
|-50|-49.15616663482401|-0.8438333651759891|
|-50|-49.10779769199231|-0.8922023080076897|
|-50|-49.06092039257398|-0.9390796074260166|
|-50|-49.23810505594596|-0.7618949440540419|
|-40|-40.625149631661415|0.6251496316614151|
|-40|-39.906010474601054|-0.09398952539894623|
|-40|-40.09618256644736|0.09618256644736078|
|-40|-39.79630346896954|-0.20369653103045948|
|-40|-39.97546929012485|-0.024530709875151047|
|-40|-40.232415817867356|0.23241581786735566|
|-40|-39.639397281128275|-0.3606027188717249|
|-40|-40.29199873284453|0.29199873284453304|
|-40|-40.16625910119666|0.16625910119665832|
|-40|-39.70624922144382|-0.2937507785561806|
|-30|-29.308890958910464|-0.6911090410895362|
|-30|-29.36309495644026|-0.6369050435597394|
|-30|-29.942899806512393|-0.05710019348760653|
|-30|-29.14954473159009|-0.8504552684099096|
|-30|-29.411335165628678|-0.5886648343713219|
|-30|-28.955969972864423|-1.0440300271355767|
|-30|-29.17432712662126|-0.8256728733787391|
|-30|-29.696060178423096|-0.303939821576904|
|-30|-29.441211735511672|-0.558788264488328|
|-30|-29.736100341885347|-0.2638996581146529|
|-20|-19.078204576129128|-0.9217954238708721|
|-20|-19.136067542193953|-0.8639324578060474|
|-20|-18.639272862995504|-1.3607271370044955|
|-20|-19.401546261489198|-0.598453738510802|
|-20|-18.88110279981888|-1.1188972001811202|
|-20|-19.54315667698282|-0.45684332301717845|
|-20|-19.478939701457502|-0.5210602985424977|
|-20|-18.64425635284287|-1.35574364715713|
|-20|-18.927835944158563|-1.0721640558414371|
|-20|-19.107349277081056|-0.892650722918944|
|-10|-9.56171460196304|-0.4382853980369603|
|-10|-9.055003623780863|-0.9449963762191373|
|-10|-9.516242479235313|-0.48375752076468714|
|-10|-9.464942701027953|-0.5350572989720472|
|-10|-9.563808848384316|-0.43619115161568445|
|-10|-9.4350577279292|-0.5649422720708|
|-10|-9.287880777191264|-0.7121192228087363|
|-10|-9.489498082351684|-0.5105019176483161|
|-10|-9.571277068109865|-0.42872293189013533|
|-10|-9.671660131932228|-0.32833986806777204|
|0|1.9574867722719995|-1.9574867722719995|
|0|1.7698448803774443|-1.7698448803774443|
|0|2.0515534057678866|-2.0515534057678866|
|0|2.000498812392647|-2.000498812392647|
|0|2.1364599846040018|-2.1364599846040018|
|0|1.7538075224709322|-1.7538075224709322|
|0|1.6444830678028852|-1.6444830678028852|
|0|0.9284748787973635|-0.9284748787973635|
|0|1.7019645871025786|-1.7019645871025786|
|0|1.6586889718847375|-1.6586889718847375|
|10|13.340083615533546|-3.340083615533546|
|10|13.146873312068308|-3.1468733120683083|
|10|13.28578978277761|-3.2857897827776092|
|10|12.775209126509477|-2.775209126509477|
|10|12.494148138595918|-2.494148138595918|
|10|12.643053561881201|-2.643053561881201|
|10|13.047682408615252|-3.047682408615252|
|10|12.918977661650748|-2.9189776616507483|
|10|12.831024286607395|-2.831024286607395|
|10|12.637797065835674|-2.6377970658356737|
|20|21.218433385216915|-1.2184333852169154|
|20|21.020817317188968|-1.0208173171889676|
|20|20.48742866087379|-0.487428660873789|
|20|20.630748919128884|-0.6307489191288838|
|20|20.495740649907432|-0.4957406499074324|
|20|20.75182409744899|-0.7518240974489885|
|20|20.92400765063801|-0.9240076506380106|
|20|20.692638119636747|-0.6926381196367473|
|20|20.29588328416043|-0.2958832841604284|
|20|20.302887591037628|-0.30288759103762786|
|30|30.72738107146802|-0.7273810714680202|
|30|31.170362318918087|-1.1703623189180874|
|30|31.40222132742127|-1.4022213274212696|
|30|31.68146315178278|-1.6814631517827792|
|30|31.87601701068965|-1.876017010689651|
|30|31.40894665228564|-1.408946652285639|
|30|31.49576418841047|-1.4957641884104689|
|30|31.068163885233723|-1.068163885233723|
|30|30.326957229412873|-0.32695722941287286|
|30|31.408246162870224|-1.408246162870224|
|40|40.41180460864775|-0.41180460864774915|
|40|40.15568663834066|-0.15568663834066143|
|40|39.78203719172368|0.21796280827631875|
|40|40.44320543734206|-0.4432054373420584|
|40|40.5967835168467|-0.5967835168466991|
|40|40.71795230053925|-0.7179523005392525|
|40|40.0257874851555|-0.025787485155497336|
|40|40.64409207712718|-0.6440920771271834|
|40|40.88095736783465|-0.8809573678346467|
|40|40.19017853995281|-0.19017853995281087|
|50|51.542692094593946|-1.5426920945939457|
|50|51.35518077977186|-1.3551807797718567|
|50|51.084330343525274|-1.0843303435252736|
|50|50.96595847797288|-0.9659584779728831|
|50|50.99687734736696|-0.9968773473669614|
|50|51.37338333802834|-1.37338333802834|
|50|51.2748134864765|-1.2748134864765035|
|50|51.13308132825996|-1.133081328259962|
|50|50.884802194026925|-0.8848021940269248|
|50|51.35068487186069|-1.3506848718606932|
|60|61.53607547351238|-1.5360754735123834|
|60|60.96278492657511|-0.9627849265751109|
|60|61.29838624542844|-1.2983862454284392|
|60|60.968760409408304|-0.9687604094083042|
|60|61.00797511344441|-1.0079751134444095|
|60|61.34005692691505|-1.3400569269150466|
|60|61.291760274877646|-1.291760274877646|
|60|61.28483159896499|-1.2848315989649919|
|60|61.10047516563761|-1.1004751656376115|
|60|61.3202309576257|-1.3202309576256965|
|70|71.40422565798087|-1.4042256579808736|
|70|71.31134357703567|-1.3113435770356716|
|70|71.04276141899072|-1.0427614189907217|
|70|71.1575045787357|-1.157504578735697|
|70|70.96402459173244|-0.9640245917324393|
|70|71.06306564042238|-1.06306564042238|
|70|71.17669148544958|-1.176691485449581|
|70|71.03625180672908|-1.0362518067290836|
|70|70.7259802807159|-0.7259802807159019|
|70|70.8504001343371|-0.850400134337093|
|80|81.41036753375506|-1.410367533755064|
|80|80.85820200324962|-0.858202003249616|
|80|81.05933532646462|-1.0593353264646197|
|80|80.79989181803525|-0.799891818035249|
|80|80.82506400732427|-0.8250640073242721|
|80|81.4605497924266|-1.4605497924266047|
|80|80.92149064966664|-0.9214906496666373|
|80|81.25609894545995|-1.2560989454599536|
|80|81.18703342924563|-1.1870334292456306|
|80|81.30060739650229|-1.3006073965022864|
|90|88.67160604200008|1.3283939579999213|
|90|88.66652049026636|1.3334795097336354|
|90|88.4707361361349|1.529263863865097|
|90|89.11901771261033|0.8809822873896707|
|90|89.16945405315813|0.8305459468418661|
|90|89.0303654205399|0.9696345794601058|
|90|88.73486354166575|1.2651364583342541|
|90|88.96065246133628|1.0393475386637192|
|90|88.80113593153942|1.1988640684605798|
|90|88.96646281934765|1.0335371806523455|
|100|101.88930948747937|-1.8893094874793661|
|100|101.91945313138412|-1.9194531313841168|
|100|102.48911226789245|-2.4891122678924518|
|100|102.14137074292823|-2.141370742928231|
|100|101.63591165583695|-1.6359116558369493|
|100|102.34266873857815|-2.342668738578155|
|100|102.07946210176145|-2.0794621017614503|
|100|101.91496781424543|-1.9149678142454292|
|100|102.04350264757235|-2.0435026475723532|
|100|101.69248780953987|-1.6924878095398697|
|110|112.6811441660242|-2.681144166024197|
|110|112.4251801829061|-2.4251801829061037|
|110|112.68615832901945|-2.686158329019449|
|110|112.69849686368825|-2.6984968636882485|
|110|112.61726913982405|-2.617269139824046|
|110|112.55969701894746|-2.5596970189474604|
|110|112.81897086029403|-2.81897086029403|
|110|112.58242660414086|-2.5824266041408634|
|110|112.5658998424775|-2.5658998424775064|
|110|112.69733589663488|-2.6973358966348826|
|120|120.99234385873848|-0.9923438587384794|
|120|120.88602246363921|-0.8860224636392076|
|120|120.425370011892|-0.4253700118919994|
|120|120.80243978380616|-0.8024397838061645|
|120|120.95364234843328|-0.9536423484332772|
|120|120.70187457487346|-0.7018745748734574|
|120|120.76158363581797|-0.7615836358179706|
|120|120.48322956958799|-0.4832295695879907|
|120|120.95260990167158|-0.952609901671579|
|120|121.09031718181478|-1.0903171818147825|
|130|132.55959640922143|-2.5595964092214274|
|130|132.84337252746496|-2.8433725274649646|
|130|132.6027403299981|-2.602740329998113|
|130|132.2568372541723|-2.2568372541722965|
|130|132.5529651799517|-2.5529651799517126|
|130|132.63359460386047|-2.633594603860473|
|130|132.8053134466902|-2.8053134466902065|
|130|132.60776389689605|-2.6077638968960457|
|130|132.21126856530512|-2.2112685653051187|
|130|132.43877363935488|-2.438773639354878|
|140|141.96394282269966|-1.9639428226996642|
|140|141.59902710130893|-1.599027101308934|
|140|141.82633200974502|-1.8263320097450162|
|140|141.295648643509|-1.295648643508997|
|140|141.8162385640366|-1.8162385640366097|
|140|141.27223164912203|-1.272231649122034|
|140|141.9357300234632|-1.9357300234632078|
|140|141.90509656935978|-1.9050965693597846|
|140|141.8026708000555|-1.8026708000554947|
|140|141.99207129734617|-1.9920712973461718|
|150|150.40975622329825|-0.40975622329824546|
|150|150.54390618469677|-0.5439061846967661|
|150|150.0166555698934|-0.01665556989340189|
|150|150.18238088257243|-0.18238088257243135|
|150|150.33131859808398|-0.3313185980839819|
|150|150.45478940252536|-0.45478940252536404|
|150|150.27693339755942|-0.2769333975594179|
|150|150.39269403038045|-0.39269403038045425|
|150|150.23797791453399|-0.2379779145339853|
|150|150.5651940930478|-0.5651940930478077|
|160|158.73251446088233|1.267485539117672|
|160|158.9751920833652|1.0248079166348134|
|160|158.68313354788484|1.316866452115164|
|160|159.11538638261842|0.8846136173815751|
|160|158.64264771818446|1.3573522818155368|
|160|158.81284585523986|1.187154144760143|
|160|158.36863803360646|1.6313619663935413|
|160|158.89753795790273|1.1024620420972724|
|160|158.5707622052186|1.4292377947813861|
|160|158.9640908672706|1.0359091327293868|
|170|169.43693169930958|0.5630683006904178|
|170|169.38100598829425|0.6189940117057517|
|170|169.68708586061098|0.31291413938902224|
|170|169.333401727064|0.6665982729359996|
|170|169.49236166921995|0.507638330780054|
|170|169.25638502272227|0.7436149772777298|
|170|169.28471324889907|0.7152867511009333|
|170|169.6473734799657|0.35262652003430617|
|170|169.70047552564418|0.2995244743558203|
|170|169.6644738534265|0.3355261465734998|
|-180|-179.33230706129754|-0.6676929387024586|
|-180|-179.56612667466294|-0.4338733253370606|
|-180|-179.36247098698212|-0.6375290130178826|
|-180|-178.8598136502542|-1.1401863497457896|
|-180|-178.9265839171163|-1.0734160828837105|
|-180|-179.53479343980896|-0.4652065601910351|
|-180|-178.91337586058674|-1.08662413941326|
|-180|-179.23066752525978|-0.7693324747402244|
|-180|-179.08019469131062|-0.9198053086893765|
|-180|-179.33586123328323|-0.6641387667167749|
|-170|-169.7216648225863|-0.27833517741370883|
|-170|-169.62941643361484|-0.37058356638516443|
|-170|-169.98208716919672|-0.017912830803282986|
|-170|-169.92967147976205|-0.07032852023795044|
|-170|-169.13225022821788|-0.8677497717821154|
|-170|-169.76692477022146|-0.23307522977853523|
|-170|-169.77192303292506|-0.22807696707494074|
|-170|-170.0472641525851|0.047264152585086094|
|-170|-169.4147017857365|-0.5852982142635028|
|-170|-169.32965650085777|-0.6703434991422341|
|-160|-161.43296515858114|1.4329651585811405|
|-160|-161.19011382410116|1.1901138241011608|
|-160|-161.0095883343667|1.009588334366697|
|-160|-160.31519194720397|0.3151919472039708|
|-160|-160.5966381897501|0.5966381897501094|
|-160|-161.38106306533973|1.381063065339731|
|-160|-160.33946235485902|0.3394623548590232|
|-160|-160.75718109971834|0.7571810997183377|
|-160|-160.62143830928196|0.621438309281956|
|-160|-161.01393548916863|1.013935489168631|
|-150|-151.43588155754307|1.4358815575430697|
|-150|-151.14287019284464|1.14287019284464|
|-150|-151.47010978299042|1.47010978299042|
|-150|-151.60864190563032|1.6086419056303214|
|-150|-151.2959534431429|1.2959534431429063|
|-150|-151.18011049958352|1.1801104995835203|
|-150|-151.38341329176933|1.3834132917693296|
|-150|-151.15353162705193|1.1535316270519331|
|-150|-151.2398198150045|1.2398198150044948|
|-150|-151.32994437623506|1.329944376235062|
|-140|-140.0135337151733|0.013533715173309702|
|-140|-139.32279538607452|-0.6772046139254826|
|-140|-139.4419783124158|-0.558021687584187|
|-140|-139.4408699004089|-0.5591300995911013|
|-140|-139.8601296702956|-0.13987032970439373|
|-140|-139.76383586335103|-0.2361641366489664|
|-140|-139.18347782416973|-0.8165221758302721|
|-140|-139.16618187294563|-0.8338181270543714|
|-140|-139.63929381794193|-0.3607061820580668|
|-140|-139.39026966806475|-0.6097303319352534|
|-130|-130.1365536737875|0.13655367378748906|
|-130|-129.8195218298093|-0.18047817019069612|
|-130|-129.83761209728473|-0.16238790271526682|
|-130|-130.11778560348498|0.11778560348497535|
|-130|-129.4942995869909|-0.5057004130090945|
|-130|-130.29034897360077|0.2903489736007714|
|-130|-129.87978586710312|-0.12021413289687644|
|-130|-130.12372717181591|0.12372717181591497|
|-130|-129.96765101261036|-0.032348987389639206|
|-130|-129.96782201150344|-0.03217798849655651|
|-120|-120.12503679441399|0.12503679441398674|
|-120|-120.28286644619467|0.2828664461946744|
|-120|-120.23558195308233|0.2355819530823311|
|-120|-120.4128845106067|0.41288451060670184|
|-120|-119.9803820860065|-0.01961791399349977|
|-120|-120.6134267131637|0.6134267131637046|
|-120|-120.75771164000979|0.7577116400097879|
|-120|-120.18152112973299|0.1815211297329853|
|-120|-120.60682569309607|0.60682569309607|
|-120|-120.84602025135743|0.8460202513574302|
|-110|-110.01188062814427|0.011880628144268712|
|-110|-110.63357037217109|0.6335703721710928|
|-110|-110.56429880708379|0.5642988070837873|
|-110|-110.5351891678761|0.5351891678760978|
|-110|-110.23431892261645|0.2343189226164526|
|-110|-110.7872831661368|0.7872831661368025|
|-110|-110.54274019335892|0.5427401933589238|
|-110|-110.34942457839125|0.3494245783912504|
|-110|-110.89036443909121|0.8903644390912149|
|-110|-110.85803450616005|0.8580345061600525|
|-100|-99.60493094061992|-0.3950690593800772|
|-100|-99.22658416347248|-0.7734158365275192|
|-100|-99.51125526537287|-0.48874473462713297|
|-100|-99.39396205719915|-0.6060379428008531|
|-100|-100.24926293452114|0.24926293452114123|
|-100|-99.60888741429876|-0.3911125857012365|
|-100|-99.29583615872845|-0.7041638412715514|
|-100|-99.55105067573726|-0.4489493242627418|
|-100|-99.64455153311327|-0.3554484668867275|
|-100|-99.73519995489224|-0.2648000451077621|
|-90|-89.96691940752397|-0.03308059247602557|
|-90|-90.03552255168256|0.03552255168256124|
|-90|-89.7209503263292|-0.2790496736707979|
|-90|-90.10555455676258|0.10555455676258418|
|-90|-90.16107353164746|0.1610735316474603|
|-90|-89.82279842848035|-0.177201571519646|
|-90|-90.23122714063587|0.23122714063586614|
|-90|-89.8509392415682|-0.14906075843180133|
|-90|-89.49068348671886|-0.509316513281135|
|-90|-89.95456368311372|-0.04543631688628125|
|-80|-79.61750286916308|-0.38249713083692427|
|-80|-79.67136826629635|-0.32863173370364507|
|-80|-79.96632455848865|-0.033675441511348936|
|-80|-79.3157249605679|-0.6842750394320944|
|-80|-79.79815496637627|-0.20184503362372652|
|-80|-79.88165051141523|-0.11834948858476935|
|-80|-79.84263772899628|-0.1573622710037199|
|-80|-80.43333448738636|0.43333448738636093|
|-80|-80.04696769999384|0.04696769999384287|
|-80|-80.2783086850597|0.27830868505969875|
|-70|-70.75252616059444|0.7525261605944422|
|-70|-70.72799100445569|0.7279910044556885|
|-70|-70.59062247360998|0.590622473609983|
|-70|-70.9366094492664|0.936609449266399|
|-70|-70.75651466730272|0.7565146673027243|
|-70|-70.63874967379273|0.6387496737927307|
|-70|-70.4083739322219|0.408373932221906|
|-70|-70.50054879033293|0.5005487903329282|
|-70|-70.56424891940534|0.5642489194053439|
|-70|-70.87862181067794|0.8786218106779415|
|-60|-59.15369875749164|-0.8463012425083605|
|-60|-59.59653064665883|-0.4034693533411726|
|-60|-59.234556957879086|-0.7654430421209142|
|-60|-59.407675161327504|-0.5923248386724964|
|-60|-59.39635831597528|-0.6036416840247227|
|-60|-59.082389406768655|-0.9176105932313448|
|-60|-59.00746121855243|-0.9925387814475712|
|-60|-59.53944509382551|-0.4605549061744867|
|-60|-59.519779994079904|-0.4802200059200956|
|-60|-59.23471725087098|-0.7652827491290211|
|-50|-49.794888284219|-0.20511171578100118|
|-50|-49.997508277665936|-0.002491722334063695|
|-50|-50.21049108687001|0.2104910868700074|
|-50|-49.631076121538946|-0.3689238784610538|
|-50|-49.6876371716251|-0.31236282837490137|
|-50|-49.74718437542688|-0.2528156245731168|
|-50|-49.650827432891795|-0.3491725671082051|
|-50|-49.626569908141775|-0.37343009185822496|
|-50|-50.043009893412446|0.043009893412445876|
|-50|-49.482239114004315|-0.5177608859956848|
|-40|-38.096033101926984|-1.9039668980730156|
|-40|-38.1454691161558|-1.8545308838441983|
|-40|-38.1264168665624|-1.8735831334375987|
|-40|-38.01710168985922|-1.9828983101407829|
|-40|-38.184419130051616|-1.8155808699483842|
|-40|-38.77826985885657|-1.221730141143432|
|-40|-38.37272063475002|-1.6272793652499828|
|-40|-38.256076834073305|-1.7439231659266952|
|-40|-38.231367024834036|-1.7686329751659642|
|-40|-38.5702648139251|-1.4297351860749004|
|-30|-29.227093720002507|-0.7729062799974926|
|-30|-29.396084135394148|-0.6039158646058524|
|-30|-29.33344112663337|-0.666558873366629|
|-30|-29.58515280288283|-0.4148471971171688|
|-30|-29.921892095346976|-0.07810790465302375|
|-30|-29.891411065615127|-0.10858893438487272|
|-30|-29.671298511839286|-0.3287014881607142|
|-30|-29.715658546939338|-0.2843414530606623|
|-30|-29.97466902179951|-0.025330978200489795|
|-30|-29.617236740306208|-0.38276325969379243|
|-20|-19.512589881101807|-0.4874101188981932|
|-20|-19.405041037090434|-0.5949589629095655|
|-20|-19.007723089796073|-0.9922769102039268|
|-20|-19.11711392627237|-0.8828860737276294|
|-20|-19.59189309885695|-0.40810690114305004|
|-20|-19.454544742316955|-0.5454552576830451|
|-20|-19.983161816492057|-0.016838183507942972|
|-20|-19.251871526838528|-0.7481284731614721|
|-20|-19.0456779367123|-0.9543220632877016|
|-20|-19.46285853031698|-0.5371414696830215|
|-10|-8.615944651830489|-1.384055348169511|
|-10|-8.627851765599202|-1.3721482344007985|
|-10|-8.611444058960531|-1.3885559410394688|
|-10|-8.890966624082203|-1.1090333759177966|
|-10|-9.125768806547965|-0.8742311934520348|
|-10|-8.89486111763758|-1.1051388823624197|
|-10|-9.041788244197893|-0.9582117558021075|
|-10|-8.503986870988452|-1.4960131290115477|
|-10|-8.600593655958418|-1.3994063440415818|
|-10|-8.560949129430865|-1.439050870569135|
|0|0.9552208359834105|-0.9552208359834105|
|0|1.6721150467742807|-1.6721150467742807|
|0|0.8930789783234696|-0.8930789783234696|
|0|1.2273547520319121|-1.2273547520319121|
|0|1.4608971801041688|-1.4608971801041688|
|0|1.5852671589862215|-1.5852671589862215|
|0|1.166029094905664|-1.166029094905664|
|0|1.3356766933801172|-1.3356766933801172|
|0|0.7749379118278513|-0.7749379118278513|
|0|0.9807561295959714|-0.9807561295959714|
|10|11.256197161047025|-1.2561971610470248|
|10|11.228280847356752|-1.2282808473567517|
|10|11.24959615869997|-1.2495961586999709|
|10|11.323134099964019|-1.3231340999640189|
|10|11.718679702175622|-1.7186797021756224|
|10|11.223593589010402|-1.2235935890104024|
|10|11.90999848930144|-1.9099984893014401|
|10|11.484811233332179|-1.484811233332179|
|10|11.424566489812321|-1.424566489812321|
|10|11.360163034591706|-1.3601630345917055|
|20|20.963293775497768|-0.9632937754977675|
|20|21.166263250933884|-1.1662632509338842|
|20|20.68466665427812|-0.6846666542781215|
|20|20.756409174686535|-0.7564091746865351|
|20|20.738408577612116|-0.7384085776121161|
|20|21.129381618985462|-1.1293816189854624|
|20|21.044425742307308|-1.0444257423073076|
|20|21.097695698923413|-1.0976956989234132|
|20|20.592757457135885|-0.5927574571358853|
|20|21.238113684200272|-1.2381136842002718|
|30|31.270574165627124|-1.2705741656271243|
|30|31.0286144059819|-1.0286144059819016|
|30|30.425937336648133|-0.4259373366481327|
|30|31.06909928190772|-1.0690992819077216|
|30|30.933188581340303|-0.9331885813403034|
|30|30.899720456931625|-0.8997204569316253|
|30|31.21647250811318|-1.2164725081131813|
|30|31.045737017361517|-1.0457370173615175|
|30|30.937824008864865|-0.9378240088648653|
|30|30.572545223507895|-0.5725452235078947|
|40|40.754207984055896|-0.7542079840558955|
|40|40.59557853489014|-0.5955785348901372|
|40|40.28148943265258|-0.2814894326525774|
|40|40.58355501415536|-0.5835550141553583|
|40|40.547311805937674|-0.5473118059376745|
|40|40.94216016311282|-0.9421601631128169|
|40|40.75999109699142|-0.7599910969914205|
|40|40.58589192759701|-0.5858919275970109|
|40|40.495667377524285|-0.4956673775242848|
|40|40.30959794291644|-0.30959794291644016|
|50|49.916201632157886|0.08379836784211392|
|50|50.2663362069259|-0.26633620692589943|
|50|50.49003874974875|-0.4900387497487486|
|50|50.24016674894301|-0.24016674894301104|
|50|50.28896221409353|-0.2889622140935302|
|50|50.35987805221075|-0.3598780522107532|
|50|50.14339612710256|-0.14339612710256233|
|50|50.317796906243295|-0.31779690624329504|
|50|50.09164837934262|-0.09164837934262238|
|50|49.9603326943928|0.03966730560720322|
|60|61.13790258305248|-1.1379025830524796|
|60|61.61487345701193|-1.6148734570119316|
|60|61.354889245194784|-1.3548892451947836|
|60|61.28923240827026|-1.2892324082702586|
|60|61.24137910909846|-1.2413791090984603|
|60|61.080476129642925|-1.0804761296429248|
|60|61.47514988024127|-1.4751498802412684|
|60|61.05320861652422|-1.0532086165242234|
|60|61.21356006141005|-1.2135600614100497|
|60|61.438863546811234|-1.438863546811234|
|70|71.53502802818957|-1.535028028189572|
|70|71.78604579151924|-1.7860457915192427|
|70|71.99681551723914|-1.996815517239142|
|70|71.82619910383474|-1.826199103834739|
|70|71.64287514807125|-1.642875148071255|
|70|72.11581044570124|-2.1158104457012428|
|70|71.78546625259541|-1.7854662525954126|
|70|71.82313659621886|-1.823136596218859|
|70|71.76839775358349|-1.7683977535834856|
|70|71.2939879253498|-1.2939879253497963|
|80|81.65511428872625|-1.6551142887262529|
|80|81.99229823409144|-1.992298234091436|
|80|81.92564455590743|-1.9256445559074251|
|80|81.91550765068313|-1.915507650683125|
|80|81.78740901135436|-1.787409011354356|
|80|82.10353217955783|-2.1035321795578312|
|80|81.46699437320494|-1.4669943732049404|
|80|82.17900757201015|-2.17900757201015|
|80|82.1029213499717|-2.1029213499716946|
|80|82.15790217124288|-2.157902171242881|
|90|91.74376252490634|-1.7437625249063444|
|90|92.07396987891784|-2.0739698789178362|
|90|91.97029059984786|-1.970290599847857|
|90|92.07195069946467|-2.071950699464665|
|90|91.80698878805595|-1.8069887880559463|
|90|91.77672730293973|-1.776727302939733|
|90|91.99405677870087|-1.994056778700866|
|90|91.85634445159353|-1.8563444515935288|
|90|92.23011642881194|-2.2301164288119395|
|90|92.356856536043|-2.356856536042997|
|100|99.72653821805791|0.27346178194208903|
|100|99.93648165021656|0.06351834978343618|
|100|100.24812399102072|-0.24812399102071936|
|100|99.83340003393835|0.1665999660616535|
|100|100.25677590684153|-0.2567759068415256|
|100|99.91039236209902|0.0896076379009827|
|100|100.04273287215483|-0.04273287215482924|
|100|99.95621186998223|0.0437881300177736|
|100|99.94321614174153|0.05678385825846988|
|100|99.97223696650329|0.027763033496711387|
|110|109.88717506950276|0.11282493049723996|
|110|109.81888236811571|0.18111763188429109|
|110|109.89792194578965|0.10207805421035232|
|110|110.0492136596762|-0.04921365967619806|
|110|109.96375945453805|0.036240545461950546|
|110|110.22042466566818|-0.2204246656681761|
|110|110.07659318531117|-0.0765931853111681|
|110|109.85799282370924|0.1420071762907611|
|110|109.73765457815675|0.26234542184324994|
|110|109.31703860085021|0.6829613991497894|
|120|119.49486673858388|0.5051332614161197|
|120|119.7095532534066|0.2904467465934033|
|120|119.6517611911047|0.348238808895303|
|120|119.1515009765377|0.8484990234622956|
|120|119.64218632693665|0.35781367306334744|
|120|118.94944997426437|1.0505500257356317|
|120|119.61110490636028|0.38889509363971797|
|120|119.48040603562443|0.5195939643755736|
|120|119.46470263438687|0.5352973656131326|
|120|118.96181485791351|1.0381851420864905|
|130|130.8633585890118|-0.8633585890117956|
|130|130.92929315569214|-0.929293155692136|
|130|130.68592774911718|-0.6859277491171838|
|130|130.73814844152915|-0.7381484415291482|
|130|130.521826407712|-0.5218264077120125|
|130|130.5249178402373|-0.5249178402372934|
|130|130.48303739450068|-0.48303739450068406|
|130|130.44395545457422|-0.4439554545742226|
|130|130.32335034539426|-0.32335034539426033|
|130|130.67272237413832|-0.672722374138317|
|140|140.99500739818737|-0.9950073981873686|
|140|141.2441292965128|-1.2441292965127957|
|140|140.72214814733735|-0.7221481473373501|
|140|141.07719572375717|-1.0771957237571712|
|140|141.26688960372948|-1.2668896037294815|
|140|141.1521824544333|-1.1521824544333015|
|140|141.29939345617956|-1.2993934561795584|
|140|140.93278752326754|-0.9327875232675353|
|140|140.92719154987867|-0.9271915498786711|
|140|140.8600637819554|-0.8600637819554038|
|150|150.0000000000000|0.0000000000000000|
|150|150.0370934992551|-0.037093499255092865|
|150|150.01757880340722|-0.017578803407218402|
|150|150.19367071207387|-0.19367071207386743|
|150|149.86701496406337|0.13298503593662758|
|150|149.53573869901663|0.4642613009833667|
|150|149.72932753706476|0.27067246293523795|
|150|149.80756634181407|0.1924336581859336|
|150|150.05787211655485|-0.05787211655484725|
|150|149.8813094580448|0.11869054195520334|
|160|160.36032759255593|-0.36032759255593305|
|160|160.70918345515364|-0.7091834551536351|
|160|161.1626315208718|-1.1626315208717983|
|160|160.82901813440822|-0.8290181344082157|
|160|161.02860836524198|-1.028608365241979|
|160|160.520707749581|-0.5207077495809926|
|160|160.56420618336227|-0.5642061833622734|
|160|160.64433180727127|-0.6443318072712714|
|160|160.74124463691066|-0.7412446369106647|
|160|161.31358793635138|-1.3135879363513823|
|170|169.83359839826392|0.16640160173608365|
|170|169.79565133141887|0.2043486685811331|
|170|169.9830716719731|0.016928328026892814|
|170|169.99557435810135|0.004425641898649246|
|170|169.5934320513985|0.4065679486014915|
|170|170.06368969458794|-0.06368969458793572|
|170|169.39966943765293|0.600330562347068|
|170|170.43079482218403|-0.4307948221840263|
|170|170.2258413889056|-0.22584138890559302|
|170|169.95464000125452|0.045359998745482244|
|-180|-178.0875013391205|-1.9124986608794927|
|-180|-178.5794003648341|-1.4205996351658996|
|-180|-178.59554064683317|-1.4044593531668284|
|-180|-178.1774788973344|-1.822521102665604|
|-180|-178.4485874824599|-1.5514125175400864|
|-180|-178.38035220655883|-1.6196477934411746|
|-180|-178.5360161908211|-1.4639838091788988|
|-180|-178.364575189408|-1.6354248105920135|
|-180|-178.0908677533758|-1.9091322466242104|
|-180|-178.42356087235288|-1.5764391276471201|
|-170|-169.3226866575104|-0.6773133424896116|
|-170|-169.67632606638588|-0.323673933614117|
|-170|-169.02508401166094|-0.9749159883390632|
|-170|-169.69930088770786|-0.3006991122921363|
|-170|-169.01363275049033|-0.9863672495096694|
|-170|-169.43480514681224|-0.5651948531877622|
|-170|-168.8305305544975|-1.1694694455025|
|-170|-169.04523312764178|-0.9547668723582206|
|-170|-169.05709359660503|-0.9429064033949714|
|-170|-169.16062501182356|-0.839374988176445|
|-160|-159.8844220978671|-0.11557790213291241|
|-160|-159.5606951598499|-0.4393048401501005|
|-160|-159.99830004326367|-0.0016999567363313872|
|-160|-159.4781069717274|-0.5218930282725864|
|-160|-159.6363579218553|-0.36364207814469296|
|-160|-159.6361138359246|-0.3638861640754101|
|-160|-159.89443780065912|-0.10556219934088062|
|-160|-159.87495143976176|-0.12504856023824118|
|-160|-160.02906973939193|0.029069739391928806|
|-160|-159.94607235164884|-0.053927648351162816|
|-150|-150.54225549728258|0.5422554972825822|
|-150|-150.8697199649881|0.8697199649880929|
|-150|-151.28257018425768|1.282570184257679|
|-150|-151.2721108260578|1.2721108260577978|
|-150|-151.34821795969816|1.348217959698161|
|-150|-151.3683421526528|1.3683421526527866|
|-150|-151.2718736574748|1.2718736574747993|
|-150|-151.1517155547486|1.1517155547485913|
|-150|-150.6059704584303|0.6059704584303063|
|-150|-150.9728755518134|0.972875551813388|
|-140|-140.43755148957683|0.4375514895768333|
|-140|-140.5880422878668|0.5880422878668128|
|-140|-140.75371304041414|0.7537130404141408|
|-140|-140.8516196503015|0.851619650301501|
|-140|-140.74836159128176|0.748361591281764|
|-140|-140.78269018502715|0.7826901850271497|
|-140|-140.44554356674618|0.44554356674618134|
|-140|-140.7505042299086|0.7505042299086142|
|-140|-140.59567118178742|0.5956711817874236|
|-140|-140.0681218527552|0.06812185275521188|
|-130|-130.61538405780024|0.6153840578002416|
|-130|-130.26495788637752|0.26495788637751616|
|-130|-130.51624375199967|0.5162437519996672|
|-130|-130.36686050269822|0.36686050269821635|
|-130|-130.23485814033018|0.23485814033017505|
|-130|-130.36137549302077|0.3613754930207733|
|-130|-130.15098910746468|0.15098910746468164|
|-130|-130.37516607340402|0.3751660734040172|
|-130|-130.53877322338943|0.5387732233894269|
|-130|-130.60662251474432|0.6066225147443163|
|-120|-120.06469988499903|0.06469988499902968|
|-120|-120.11671447600389|0.11671447600389229|
|-120|-120.31661636218129|0.31661636218129274|
|-120|-119.67282017943747|-0.3271798205625345|
|-120|-119.94960116220525|-0.05039883779474508|
|-120|-120.23171357287343|0.23171357287343142|
|-120|-119.60263183373121|-0.3973681662687909|
|-120|-120.01953736980512|0.01953736980512133|
|-120|-119.85089834082004|-0.1491016591799621|
|-120|-120.35711789858763|0.35711789858763154|
|-110|-109.71196030042545|-0.2880396995745542|
|-110|-109.97494414898894|-0.02505585101106078|
|-110|-109.90214909191813|-0.0978509080818668|
|-110|-109.87978872484665|-0.12021127515335195|
|-110|-110.06032909422386|0.060329094223860125|
|-110|-110.1220492193958|0.12204921939580515|
|-110|-110.03589327542011|0.035893275420107784|
|-110|-109.72815059838281|-0.27184940161718885|
|-110|-109.96659153314097|-0.03340846685902932|
|-110|-110.0337938710806|0.033793871080604276|
|-100|-100.1529639661819|0.15296396618190045|
|-100|-100.01240840739266|0.012408407392655363|
|-100|-100.2700275173988|0.2700275173988018|
|-100|-100.2689558360484|0.26895583604840567|
|-100|-100.46128675879723|0.4612867587972289|
|-100|-100.21741379911718|0.21741379911718184|
|-100|-100.41616997762078|0.41616997762078256|
|-100|-100.49166955458642|0.4916695545864229|
|-100|-100.18150555594005|0.18150555594004913|
|-100|-100.45460716987677|0.4546071698767662|
|-90|-91.0045543114258|1.0045543114258066|
|-90|-91.01016961447917|1.0101696144791674|
|-90|-90.78574220948208|0.7857422094820805|
|-90|-91.1353071995073|1.1353071995072952|
|-90|-90.88832803058436|0.8883280305843613|
|-90|-90.87745021038448|0.877450210384481|
|-90|-91.29036555896036|1.2903655589603602|
|-90|-91.07140522531778|1.0714052253177755|
|-90|-91.11158659587183|1.1115865958718274|
|-90|-90.98681411501384|0.9868141150138428|
|-80|-80.27781527636301|0.2778152763630146|
|-80|-80.35610828962962|0.35610828962961705|
|-80|-80.67791115788657|0.6779111578865695|
|-80|-80.62044180301783|0.620441803017826|
|-80|-80.63176307366261|0.6317630736626114|
|-80|-80.2855463190874|0.2855463190874019|
|-80|-79.80440998666768|-0.19559001333232118|
|-80|-80.85957536537182|0.8595753653718248|
|-80|-80.18416913162396|0.18416913162396042|
|-80|-80.23763020769631|0.23763020769631282|
|-70|-70.29939534958115|0.2993953495811468|
|-70|-70.25690461174787|0.2569046117478706|
|-70|-69.96270967024932|-0.037290329750675255|
|-70|-70.11051233400549|0.11051233400549165|
|-70|-70.03789021008625|0.03789021008624616|
|-70|-70.6830584373976|0.6830584373976052|
|-70|-70.1769870462563|0.17698704625630057|
|-70|-70.00627871551451|0.006278715514511646|
|-70|-70.3043266900641|0.3043266900641015|
|-70|-70.98732952242176|0.98732952242176|
|-60|-61.707523277332506|1.7075232773325055|
|-60|-60.71679565503997|0.7167956550399666|
|-60|-60.61921290764968|0.6192129076496826|
|-60|-60.942030201638616|0.942030201638616|
|-60|-60.78954288671499|0.7895428867149903|
|-60|-61.38685638267986|1.3868563826798592|
|-60|-61.051878093310265|1.0518780933102647|
|-60|-61.49024605137557|1.4902460513755713|
|-60|-61.24418336183234|1.2441833618323415|
|-60|-61.413514494005696|1.413514494005696|
|-50|-50.50988981979154|0.5098898197915389|
|-50|-50.34129580846078|0.341295808460778|
|-50|-50.36919949863357|0.36919949863357004|
|-50|-50.29575292210919|0.29575292210918747|
|-50|-50.65908898450445|0.6590889845044501|
|-50|-50.36477505138839|0.36477505138839206|
|-50|-50.425398493942026|0.42539849394202633|
|-50|-50.18002086736678|0.18002086736677825|
|-50|-50.16172590382736|0.16172590382736018|
|-50|-50.29266045342441|0.2926604534244106|
|-40|-39.63113355577896|-0.368866444221041|
|-40|-40.009953376735815|0.009953376735815311|
|-40|-39.97990600100288|-0.020093998997118945|
|-40|-39.66527625483603|-0.33472374516396997|
|-40|-39.758663462630196|-0.2413365373698042|
|-40|-39.81063605528281|-0.18936394471719353|
|-40|-39.700389204598615|-0.29961079540138513|
|-40|-39.58829704370015|-0.4117029562998482|
|-40|-39.71025597964892|-0.2897440203510797|
|-40|-39.465333649798616|-0.534666350201384|
|-30|-30.605527056649624|0.605527056649624|
|-30|-30.586994883836756|0.5869948838367556|
|-30|-30.579683855302253|0.5796838553022532|
|-30|-30.373012151140767|0.3730121511407667|
|-30|-30.417995676569948|0.41799567656994796|
|-30|-30.380177978364706|0.38017797836470635|
|-30|-30.20317798184234|0.20317798184234093|
|-30|-29.98061528669712|-0.019384713302880385|
|-30|-29.97191948351505|-0.028080516484948248|
|-30|-30.380707226568724|0.3807072265687239|
|-20|-20.086189972970182|0.08618997297018183|
|-20|-20.167415619266336|0.16741561926633608|
|-20|-19.694862355718033|-0.30513764428196666|
|-20|-19.938001145063897|-0.06199885493610324|
|-20|-20.00550892042672|0.005508920426720465|
|-20|-19.79468103520422|-0.20531896479577938|
|-20|-19.732883479459765|-0.2671165205402346|
|-20|-20.120024855564854|0.12002485556485354|
|-20|-19.846089425905305|-0.1539105740946951|
|-20|-19.75330568405304|-0.24669431594696078|
|-10|-9.863891876882168|-0.1361081231178325|
|-10|-9.78143933354012|-0.21856066645987937|
|-10|-10.329656217193717|0.3296562171937172|
|-10|-10.033840330599336|0.033840330599336|
|-10|-10.542049718072741|0.5420497180727413|
|-10|-10.292019405474305|0.2920194054743046|
|-10|-10.404276384054828|0.40427638405482824|
|-10|-9.59646964007718|-0.4035303599228204|
|-10|-10.043273891768813|0.04327389176881269|
|-10|-9.976480670648785|-0.023519329351215035|
|0|-0.8064116301254806|0.8064116301254806|
|0|-0.46675528142982164|0.46675528142982164|
|0|-0.2861400691090466|0.2861400691090466|
|0|-0.7341120303982869|0.7341120303982869|
|0|-0.4469438238633984|0.4469438238633984|
|0|-0.10653299248924561|0.10653299248924561|
|0|-0.6795067327486088|0.6795067327486088|
|0|-0.7403402456072676|0.7403402456072676|
|0|-0.08510401457651885|0.08510401457651885|
|0|-0.6691395361386822|0.6691395361386822|
|10|10.901419919669157|-0.9014199196691575|
|10|10.30314851061708|-0.3031485106170795|
|10|10.50521241509466|-0.5052124150946593|
|10|10.743840189435966|-0.7438401894359661|
|10|10.569549301031886|-0.569549301031886|
|10|10.741779805961036|-0.7417798059610359|
|10|10.534901166845295|-0.5349011668452945|
|10|10.680543562005733|-0.6805435620057327|
|10|10.585882217785217|-0.5858822177852172|
|10|10.489585625559316|-0.4895856255593163|
|20|20.885120312317493|-0.8851203123174933|
|20|20.755996626168198|-0.7559966261681978|
|20|21.052162880647362|-1.0521628806473622|
|20|21.155172508258623|-1.155172508258623|
|20|20.960898483903605|-0.9608984839036054|
|20|20.31618580559954|-0.3161858055995417|
|20|21.1027539467532|-1.1027539467532002|
|20|21.14891362436792|-1.1489136243679212|
|20|21.581968678552673|-1.5819686785526734|
|20|20.93024817435125|-0.9302481743512487|
|30|29.23535352611581|0.7646464738841914|
|30|30.30180648575466|-0.3018064857546605|
|30|29.338101701032755|0.6618982989672446|
|30|30.06645391832149|-0.06645391832148917|
|30|29.601610831425695|0.3983891685743046|
|30|29.9115673121928|0.08843268780719882|
|30|29.00496937600214|0.9950306239978595|
|30|29.464642873592332|0.5353571264076677|
|30|29.537180692058065|0.4628193079419347|
|30|29.436859057346403|0.5631409426535967|
|40|40.69124116216303|-0.6912411621630312|
|40|41.101713660599266|-1.1017136605992661|
|40|40.97392559616163|-0.973925596161628|
|40|40.71758490604591|-0.7175849060459072|
|40|41.02693575789304|-1.0269357578930425|
|40|40.73736933332403|-0.7373693333240325|
|40|41.07011535065983|-1.070115350659833|
|40|41.168268845249706|-1.168268845249706|
|40|40.4787805584165|-0.4787805584165028|
|40|41.106390694859286|-1.1063906948592859|
|50|49.768208691902096|0.23179130809790394|
|50|49.62734041670353|0.37265958329646764|
|50|49.67221599749369|0.3277840025063128|
|50|49.84379215212379|0.15620784787621034|
|50|49.44752775839375|0.5524722416062531|
|50|49.88671218790999|0.11328781209000738|
|50|50.17538831473991|-0.17538831473991223|
|50|49.965916555170764|0.03408344482923553|
|50|49.639734827569335|0.36026517243066536|
|50|49.75156216858379|0.24843783141621145|
|60|60.399346973125915|-0.3993469731259154|
|60|60.745613139647794|-0.7456131396477943|
|60|60.47089875656265|-0.47089875656264724|
|60|60.578810991699726|-0.5788109916997257|
|60|60.403144705627184|-0.4031447056271844|
|60|60.547622447778636|-0.547622447778636|
|60|60.299316825967054|-0.299316825967054|
|60|60.21815342889174|-0.21815342889173905|
|60|60.80150642904364|-0.8015064290436413|
|60|60.53778014949432|-0.5377801494943171|
|70|70.30269035482415|-0.30269035482415063|
|70|70.3864718804001|-0.3864718804000944|
|70|70.42103242810212|-0.42103242810212294|
|70|69.98764531360725|0.012354686392754388|
|70|70.4647612368715|-0.46476123687149595|
|70|70.6218549198253|-0.6218549198252958|
|70|70.2438528958516|-0.24385289585160308|
|70|70.05430175793938|-0.05430175793938474|
|70|70.20091920462639|-0.20091920462638768|
|70|70.53801439594052|-0.5380143959405217|
|80|80.42098545513103|-0.42098545513103147|
|80|80.45469963162826|-0.45469963162825877|
|80|80.13258695900686|-0.1325869590068578|
|80|80.8302270169161|-0.8302270169160977|
|80|80.166682090091|-0.1666820900910011|
|80|80.43475189758895|-0.43475189758895283|
|80|80.96268719945414|-0.9626871994541375|
|80|80.13074337915486|-0.13074337915486467|
|80|80.02680747023263|-0.026807470232625974|
|80|80.54692594991296|-0.5469259499129606|
|90|88.67611641934559|1.3238835806544103|
|90|88.15474807038652|1.8452519296134824|
|90|89.05348201955668|0.9465179804433177|
|90|88.75140336522686|1.2485966347731363|
|90|89.1538291007594|0.8461708992406045|
|90|89.13340225810235|0.8665977418976496|
|90|88.91515785809185|1.0848421419081546|
|90|88.85042400672357|1.1495759932764287|
|90|88.93518750511913|1.0648124948808686|
|90|88.71619806238687|1.2838019376131342|
|100|98.87900444179186|1.1209955582081363|
|100|99.26882991881511|0.7311700811848851|
|100|99.2838548037604|0.7161451962395944|
|100|99.06040377712675|0.9395962228732486|
|100|99.2153760292806|0.7846239707193945|
|100|98.70589472337834|1.2941052766216643|
|100|98.78878909202297|1.2112109079770335|
|100|98.90608289243362|1.0939171075663836|
|100|99.00599925342958|0.9940007465704213|
|100|98.68195251375369|1.3180474862463143|
|110|109.97857439034267|0.021425609657327982|
|110|110.54792969685936|-0.5479296968593559|
|110|110.67140178219397|-0.6714017821939677|
|110|110.46046109477548|-0.46046109477548214|
|110|110.32123427679863|-0.32123427679863426|
|110|110.49187700805074|-0.49187700805073575|
|110|110.25982486531973|-0.2598248653197288|
|110|110.48206109941096|-0.48206109941095576|
|110|109.90612603027489|0.09387396972510942|
|110|110.05010853443608|-0.050108534436077434|
|120|119.91529992313941|0.08470007686058523|
|120|120.03094756997814|-0.030947569978138745|
|120|119.81675948365968|0.18324051634031946|
|120|119.77557876413015|0.22442123586985474|
|120|119.89384926019268|0.10615073980731893|
|120|120.04154733030346|-0.04154733030345881|
|120|119.70087879216841|0.2991212078315897|
|120|119.6881059169804|0.3118940830195953|
|120|119.87963362020473|0.12036637979527143|
|120|119.3431259129302|0.6568740870697951|
|130|130.17069904563454|-0.1706990456345352|
|130|130.3145626900939|-0.3145626900939078|
|130|130.31991861423106|-0.3199186142310566|
|130|130.02538986156762|-0.0253898615676178|
|130|130.253757174775|-0.2537571747749894|
|130|130.11927320687207|-0.11927320687206588|
|130|130.07337544747776|-0.07337544747775837|
|130|130.11439230675506|-0.11439230675506451|
|130|130.35409068453217|-0.3540906845321672|
|130|130.1389359612474|-0.13893596124739815|
|140|139.59625837367983|0.4037416263201692|
|140|140.0633685472306|-0.0633685472305956|
|140|139.94011260350734|0.0598873964926554|
|140|140.1828925860834|-0.18289258608339765|
|140|139.634678639655|0.36532136034500695|
|140|139.20073181332037|0.7992681866796261|
|140|139.64711850491258|0.3528814950874164|
|140|139.46257423669962|0.5374257633003765|
|140|139.68645835202187|0.313541647978127|
|140|139.6514671298501|0.34853287014990997|
|150|149.92149336837488|0.0785066316251175|
|150|150.14107819030372|-0.14107819030371616|
|150|150.0091906827168|-0.009190682716791798|
|150|150.19666810191592|-0.19666810191591821|
|150|150.39110421746238|-0.39110421746238444|
|150|149.75263306930066|0.2473669306993429|
|150|150.04268024813834|-0.04268024813833904|
|150|149.97321639231015|0.02678360768985044|
|150|150.301897674005|-0.301897674005005|
|150|149.81477854321074|0.1852214567892645|
|160|160.775039801734|-0.7750398017340103|
|160|160.67125684515923|-0.6712568451592347|
|160|160.87627946946287|-0.8762794694628724|
|160|160.15204456797744|-0.15204456797744115|
|160|160.70034416767365|-0.7003441676736486|
|160|161.26864788831918|-1.2686478883191796|
|160|161.00786887335627|-1.0078688733562728|
|160|160.63485666075772|-0.6348566607577197|
|160|160.6269966288378|-0.6269966288377873|
|160|160.8097905911012|-0.8097905911012049|
|170|169.86221082536025|0.1377891746397495|
|170|170.05863411545027|-0.05863411545027475|
|170|169.74473012658285|0.2552698734171486|
|170|169.91252063154215|0.0874793684578492|
|170|169.7909341808301|0.20906581916989353|
|170|169.46863948470454|0.5313605152954608|
|170|169.38241282515796|0.6175871748420434|
|170|170.00664356731417|-0.00664356731417115|
|170|170.19076850121232|-0.19076850121231814|
|170|170.07571423389308|-0.07571423389308052|
|-180|-178.82844542492484|-1.171554575075163|
|-180|-179.40514439070324|-0.5948556092967578|
|-180|-178.49196128276492|-1.508038717235081|
|-180|-178.2638426499327|-1.7361573500672876|
|-180|-178.9419654263542|-1.0580345736458128|
|-180|-179.39742651639088|-0.6025734836091203|
|-180|-178.43882043885915|-1.5611795611408468|
|-180|-178.86109982619794|-1.1389001738020568|
|-180|-178.5296639460251|-1.4703360539749042|
|-180|-178.66288647933172|-1.3371135206682823|
|-170|-169.41389122525513|-0.5861087747448721|
|-170|-169.31275240909227|-0.6872475909077309|
|-170|-170.14748591440053|0.1474859144005336|
|-170|-169.71386173199284|-0.28613826800716424|
|-170|-169.3641473984229|-0.6358526015771133|
|-170|-168.4697560297172|-1.530243970282811|
|-170|-169.44200587115947|-0.5579941288405337|
|-170|-170.3528714221795|0.3528714221795042|
|-170|-168.95222173477228|-1.0477782652277199|
|-170|-168.72010499292685|-1.2798950070731507|
|-160|-159.72416399802864|-0.2758360019713564|
|-160|-158.81891095593872|-1.181089044061281|
|-160|-160.39821969818863|0.3982196981886261|
|-160|-159.6571789226336|-0.3428210773664091|
|-160|-159.08197613752782|-0.9180238624721824|
|-160|-159.82895832273636|-0.17104167726364494|
|-160|-160.1406429223616|0.14064292236159304|
|-160|-159.02728190268763|-0.9727180973123666|
|-160|-159.5221904179413|-0.47780958205871116|
|-160|-159.4135950392614|-0.586404960738605|
|-150|-149.55601286334817|-0.44398713665182754|
|-150|-150.16389163850084|0.16389163850084287|
|-150|-150.17800685797087|0.17800685797087112|
|-150|-150.6833141372209|0.68331413722089|
|-150|-150.45301892089688|0.4530189208968807|
|-150|-149.87728985316613|-0.12271014683386738|
|-150|-149.9533135667913|-0.04668643320869137|
|-150|-149.39119600510338|-0.6088039948966184|
|-150|-150.8853360045155|0.8853360045154943|
|-150|-149.94088796722548|-0.059112032774521595|
|-140|-140.4145542390194|0.41455423901939525|
|-140|-140.55713622108692|0.5571362210869211|
|-140|-140.26106513571978|0.2610651357197753|
|-140|-140.55995869328905|0.5599586932890475|
|-140|-140.6529394945572|0.652939494557188|
|-140|-140.4831342877023|0.48313428770231326|
|-140|-140.86948411610564|0.8694841161056388|
|-140|-140.62992614634408|0.6299261463440757|
|-140|-141.19739039832953|1.1973903983295315|
|-140|-140.87258167665726|0.872581676657262|
|-130|-132.3530745615263|2.353074561526313|
|-130|-129.93158605723306|-0.06841394276693791|
|-130|-130.43687068668072|0.43687068668072015|
|-130|-129.55506103736616|-0.4449389626338416|
|-130|-130.8670998522111|0.867099852211112|
|-130|-130.28276963021483|0.2827696302148297|
|-130|-129.68665570671692|-0.31334429328308033|
|-130|-129.81158463526648|-0.1884153647335154|
|-130|-129.47944275319026|-0.5205572468097444|
|-130|-130.16647840489944|0.16647840489943633|
|-120|-119.16357578096203|-0.8364242190379656|
|-120|-118.31433899280442|-1.685661007195577|
|-120|-119.37799791575405|-0.622002084245949|
|-120|-118.14890822792125|-1.851091772078746|
|-120|-118.02465698161205|-1.975343018387946|
|-120|-118.25517379682084|-1.7448262031791586|
|-120|-118.6238752079178|-1.3761247920821944|
|-120|-119.40522258917693|-0.5947774108230703|
|-120|-118.21664306595385|-1.7833569340461537|
|-120|-118.94265657022929|-1.057343429770711|
|-110|-109.49983266843367|-0.5001673315663311|
|-110|-108.35195673325319|-1.6480432667468108|
|-110|-107.79460894524657|-2.2053910547534343|
|-110|-108.7645858949373|-1.235414105062702|
|-110|-108.0190411262785|-1.9809588737215051|
|-110|-108.3230480667326|-1.6769519332674037|
|-110|-108.56830450304689|-1.431695496953111|
|-110|-108.56344365014503|-1.4365563498549676|
|-110|-109.28066179048166|-0.7193382095183409|
|-110|-109.12962338765844|-0.870376612341559|
|-100|-98.32100687691323|-1.6789931230867694|
|-100|-99.7387319563482|-0.26126804365179623|
|-100|-98.24774275284116|-1.7522572471588376|
|-100|-98.35311547976198|-1.646884520238018|
|-100|-99.16154019828772|-0.8384598017122755|
|-100|-99.11835773276823|-0.8816422672317685|
|-100|-99.13732217600108|-0.8626778239989221|
|-100|-98.59431853926132|-1.405681460738677|
|-100|-98.79622009131857|-1.203779908681426|
|-100|-99.8609377893123|-0.13906221068769753|
|-90|-88.74840739075911|-1.2515926092408876|
|-90|-89.3264327992511|-0.6735672007489057|
|-90|-88.4595223511973|-1.5404776488027068|
|-90|-89.90376743763719|-0.09623256236281463|
|-90|-87.11588616702183|-2.884113832978173|
|-90|-88.68953358627398|-1.3104664137260187|
|-90|-88.71823001363425|-1.2817699863657452|
|-90|-88.8394702841735|-1.1605297158264989|
|-90|-88.87105601045675|-1.1289439895432452|
|-90|-88.09828677355453|-1.901713226445466|
|-80|-77.56138611654383|-2.4386138834561706|
|-80|-78.75659382550232|-1.2434061744976788|
|-80|-78.114731085171|-1.8852689148289983|
|-80|-76.99190404768376|-3.008095952316239|
|-80|-77.20933568960893|-2.7906643103910653|
|-80|-77.40794073108874|-2.5920592689112567|
|-80|-76.47762238334295|-3.522377616657053|
|-80|-77.9965767450732|-2.003423254926801|
|-80|-79.37691854713022|-0.6230814528697834|
|-80|-78.44225983883005|-1.5577401611699457|
|-70|-70.4681398763945|0.4681398763945026|
|-70|-69.1144219920287|-0.8855780079713043|
|-70|-70.27167094424152|0.27167094424152083|
|-70|-70.40310471155514|0.4031047115551445|
|-70|-70.36916574137967|0.36916574137967473|
|-70|-69.51491113643539|-0.4850888635646129|
|-70|-70.0218907582673|0.021890758267304022|
|-70|-69.75516955856834|-0.24483044143165955|
|-70|-68.87579290419536|-1.1242070958046355|
|-70|-70.12218204206518|0.12218204206517669|
|-60|-59.437143867401616|-0.5628561325983839|
|-60|-59.79026146228772|-0.20973853771228335|
|-60|-59.99271354995585|-0.007286450044148296|
|-60|-58.89924299322712|-1.1007570067728807|
|-60|-58.58831695682722|-1.4116830431727792|
|-60|-59.532737481721554|-0.4672625182784458|
|-60|-59.42449618287944|-0.5755038171205626|
|-60|-58.941482660644745|-1.0585173393552552|
|-60|-59.953273991410306|-0.04672600858969389|
|-60|-59.5637791246138|-0.4362208753861978|
|-50|-49.03076190368664|-0.9692380963133616|
|-50|-48.117072223324925|-1.882927776675075|
|-50|-49.05171164533311|-0.948288354666893|
|-50|-48.36869107534718|-1.6313089246528207|
|-50|-48.916552760818135|-1.083447239181865|
|-50|-48.17583796423207|-1.8241620357679267|
|-50|-48.98365735122048|-1.0163426487795206|
|-50|-48.85139333572883|-1.1486066642711705|
|-50|-48.45695564674917|-1.5430443532508278|
|-50|-48.935286955402105|-1.0647130445978945|
|-40|-49.766503139720065|9.766503139720065|
|-40|-39.05569214044343|-0.9443078595565666|
|-40|-37.33778376711216|-2.662216232887843|
|-40|-39.064168606665085|-0.9358313933349152|
|-40|-38.9861961099336|-1.0138038900663986|
|-40|-39.55202122967884|-0.44797877032115707|
|-40|-39.593973399857596|-0.406026600142404|
|-40|-39.050736349082364|-0.9492636509176364|
|-40|-38.61912083591487|-1.3808791640851297|
|-40|-40.10189486742229|0.10189486742228837|
|-30|-29.38455065665347|-0.6154493433465298|
|-30|-31.045844667964893|1.045844667964893|
|-30|-30.679059903073593|0.6790599030735933|
|-30|-30.707387127388692|0.7073871273886922|
|-30|-31.455912153322483|1.4559121533224832|
|-30|-30.49176183550458|0.49176183550457964|
|-30|-30.3860982506675|0.3860982506675015|
|-30|-29.80375234027493|-0.19624765972507063|
|-30|-30.12176528686168|0.12176528686168098|
|-30|-30.379537850693147|0.37953785069314705|
|-20|-19.740451748267684|-0.25954825173231555|
|-20|-19.884028429436174|-0.11597157056382557|
|-20|-20.93753842591254|0.937538425912539|
|-20|-20.623151224417374|0.6231512244173736|
|-20|-20.91487454358537|0.9148745435853698|
|-20|-20.73311042045577|0.7331104204557697|
|-20|-20.932585955683987|0.9325859556839866|
|-20|-20.957901521697316|0.9579015216973161|
|-20|-19.681633016825046|-0.31836698317495404|
|-20|-19.925378384680172|-0.07462161531982758|
|-10|-10.121093828050164|0.12109382805016367|
|-10|-9.782348705979178|-0.21765129402082195|
|-10|-10.479245031708013|0.4792450317080128|
|-10|-10.815276074900362|0.8152760749003622|
|-10|-9.882836368324849|-0.11716363167515098|
|-10|-11.2592529165286|1.2592529165286006|
|-10|-10.987188276939266|0.9871882769392659|
|-10|-11.048362451281449|1.0483624512814487|
|-10|-9.996529322416182|-0.003470677583818471|
|-10|-8.266949689892755|-1.7330503101072452|
|0|-0.3152674902156307|0.3152674902156307|
|0|-0.6634333153177114|0.6634333153177114|
|0|-0.6505377892204917|0.6505377892204917|
|0|-0.8072894659177601|0.8072894659177601|
|0|-1.995429907006369|1.995429907006369|
|0|-0.32703291004064433|0.32703291004064433|
|0|-0.5719382950407765|0.5719382950407765|
|0|-0.12480336398698537|0.12480336398698537|
|0|-1.2890375837007648|1.2890375837007648|
|0|-1.2113933232548695|1.2113933232548695|
|10|9.549529653415863|0.45047034658413665|
|10|10.278962138398201|-0.2789621383982013|
|10|10.764523930189274|-0.7645239301892737|
|10|9.8844793060842|0.11552069391579955|
|10|7.684525410076007|2.3154745899239932|
|10|11.767553001736143|-1.7675530017361432|
|10|9.769944791466939|0.23005520853306116|
|10|11.658875941641758|-1.6588759416417584|
|10|11.938250594887451|-1.9382505948874513|
|10|10.604156585754707|-0.6041565857547067|
|20|20.617336373848612|-0.6173363738486124|
|20|19.57665063546971|0.4233493645302886|
|20|20.119121024904548|-0.11912102490454757|
|20|19.406116744959167|0.5938832550408328|
|20|19.249901270383866|0.7500987296161341|
|20|18.8532040054829|1.146795994517099|
|20|21.155313927122645|-1.155313927122645|
|20|20.260442875509195|-0.2604428755091952|
|20|19.635952960358324|0.36404703964167595|
|20|20.194853012862264|-0.1948530128622643|
|30|29.34696922482301|0.6530307751769904|
|30|30.04498309444377|-0.04498309444376858|
|30|30.104674336392264|-0.10467433639226442|
|30|29.11869635049772|0.8813036495022786|
|30|29.32179597529964|0.67820402470036|
|30|29.733204914376188|0.26679508562381216|
|30|28.573886967296577|1.426113032703423|
|30|28.361424586289814|1.6385754137101856|
|30|29.532123110695554|0.4678768893044456|
|30|29.60447240406571|0.3955275959342899|
|40|38.287882354240146|1.7121176457598537|
|40|40.35048538477444|-0.35048538477443714|
|40|38.926595541508384|1.0734044584916163|
|40|40.59994340164884|-0.5999434016488365|
|40|39.03702242546052|0.9629775745394795|
|40|41.85701288958346|-1.8570128895834586|
|40|40.09173031568564|-0.09173031568563772|
|40|39.54336459607561|0.4566354039243876|
|40|39.737887876730895|0.26211212326910527|
|40|39.75507375056606|0.24492624943393793|
|50|49.257070033230306|0.7429299667696938|
|50|49.509977817753615|0.49002218224638483|
|50|50.34775777533757|-0.3477577753375698|
|50|49.253147334079046|0.7468526659209545|
|50|48.690198858658775|1.3098011413412252|
|50|49.785780355478|0.2142196445219966|
|50|50.573576563420644|-0.5735765634206444|
|50|50.121702033635366|-0.12170203363536558|
|50|51.83289024500397|-1.8328902450039735|
|50|48.742256628786826|1.2577433712131736|
|60|59.206742865208945|0.7932571347910553|
|60|60.3753942110187|-0.3753942110187012|
|60|58.973216994997976|1.0267830050020237|
|60|59.75521561636163|0.2447843836383683|
|60|59.52796864780969|0.47203135219030656|
|60|60.1836849466724|-0.18368494667240043|
|60|60.1644582734586|-0.16445827345859954|
|60|60.28034189642667|-0.28034189642666973|
|60|60.04783473015687|-0.047834730156871785|
|60|59.38380404466814|0.616195955331861|
|70|71.70311374746497|-1.7031137474649682|
|70|69.54685317409535|0.4531468259046534|
|70|69.21647570794234|0.7835242920576633|
|70|70.41437482660677|-0.4143748266067746|
|70|69.63185984228056|0.36814015771943787|
|70|68.67460561958804|1.3253943804119643|
|70|69.54131252594685|0.4586874740531499|
|70|69.18798119398251|0.8120188060174911|
|70|69.27648557167808|0.7235144283219199|
|70|70.21155233795685|-0.2115523379568458|
|80|79.18254316538429|0.8174568346157116|
|80|75.271334182791|4.728665817209006|
|80|77.64897584420999|2.3510241557900144|
|80|81.04178239575646|-1.0417823957564565|
|80|80.65451077612377|-0.6545107761237716|
|80|77.59048171438006|2.4095182856199386|
|80|81.95188063236668|-1.9518806323666809|
|80|75.32306021196375|4.67693978803625|
|80|80.82671693022887|-0.8267169302288693|
|80|80.22703417714109|-0.22703417714109264|
|90|91.08018231368027|-1.0801823136802682|
|90|90.71745603965664|-0.7174560396566392|
|90|89.9724663047898|0.02753369521019522|
|90|92.34147603217292|-2.3414760321729204|
|90|90.42661125163366|-0.4266112516336591|
|90|89.91638560889821|0.08361439110178992|
|90|89.64586725297431|0.3541327470256874|
|90|90.84493632947921|-0.8449363294792107|
|90|91.17274396884463|-1.1727439688446282|
|90|91.31829569332116|-1.3182956933211614|
|100|100.82513217369534|-0.8251321736953372|
|100|101.22432963751926|-1.2243296375192614|
|100|101.57308383183114|-1.5730838318311413|
|100|101.24715474092287|-1.2471547409228663|
|100|102.4674840808305|-2.467484080830502|
|100|100.56055819977253|-0.5605581997725295|
|100|101.07167432786026|-1.071674327860265|
|100|103.02721074780332|-3.0272107478033234|
|100|101.05318857180599|-1.0531885718059897|
|100|100.42578362309571|-0.42578362309571105|
|110|112.12822340620464|-2.12822340620464|
|110|109.23510679960938|0.7648932003906168|
|110|111.22710539752885|-1.2271053975288453|
|110|111.84526982716577|-1.8452698271657653|
|110|112.00669958873479|-2.00669958873479|
|110|111.32029143630338|-1.3202914363033784|
|110|112.96395154923401|-2.963951549234011|
|110|110.97457778882935|-0.9745777888293503|
|110|111.11871643122805|-1.1187164312280515|
|110|111.4946276990907|-1.4946276990906995|
|120|121.30961673137689|-1.3096167313768916|
|120|120.9306739216165|-0.9306739216165028|
|120|118.83261552730141|1.1673844726985863|
|120|118.70775367342715|1.292246326572851|
|120|120.27586054740816|-0.2758605474081577|
|120|120.90466313958463|-0.9046631395846276|
|120|120.74006499250572|-0.7400649925057223|
|120|121.90044818376059|-1.900448183760588|
|120|121.00447380806303|-1.0044738080630253|
|120|119.31542133596542|0.684578664034575|
|130|131.39833672921665|-1.398336729216652|
|130|131.70203226750587|-1.7020322675058708|
|130|131.8218997944808|-1.8218997944807995|
|130|131.53373373325277|-1.5337337332527738|
|130|130.56243317171732|-0.5624331717173163|
|130|131.7590483697529|-1.7590483697528896|
|130|131.50889855556338|-1.508898555563377|
|130|130.54285070652645|-0.5428507065264512|
|130|131.13862721852627|-1.138627218526267|
|130|130.7237527753778|-0.7237527753777897|
|140|140.31340886947115|-0.31340886947114655|
|140|140.91836905859017|-0.9183690585901729|
|140|142.25439400036888|-2.254394000368876|
|140|140.98117157939583|-0.9811715793958342|
|140|141.06373752297847|-1.063737522978471|
|140|140.35975576173632|-0.3597557617363236|
|140|140.86641856671008|-0.866418566710081|
|140|142.9194387441706|-2.9194387441706056|
|140|139.17763414030375|0.822365859696248|
|140|140.82010006481815|-0.8201000648181491|
|150|151.65703138458397|-1.6570313845839735|
|150|148.48673588474531|1.5132641152546853|
|150|150.17191230192162|-0.17191230192162266|
|150|151.7700706778357|-1.7700706778356903|
|150|151.15968873152022|-1.1596887315202196|
|150|152.0010405119189|-2.0010405119188874|
|150|150.13085499196094|-0.13085499196094474|
|150|151.29481852569717|-1.294818525697167|
|150|152.71065359257346|-2.7106535925734647|
|150|150.99344080900408|-0.9934408090040847|
|160|160.82246628784225|-0.8224662878422464|
|160|161.07220919537318|-1.0722091953731763|
|160|160.8996532347119|-0.8996532347119057|
|160|161.03553516512073|-1.0355351651207343|
|160|161.41608416957752|-1.4160841695775161|
|160|160.41246459165006|-0.412464591650064|
|160|158.54096464081428|1.4590353591857195|
|160|161.32422218331186|-1.3242221833118606|
|160|160.54943673494722|-0.5494367349472213|
|160|161.11882469385856|-1.1188246938585564|
|170|169.50265432389529|0.4973456761047146|
|170|170.29113842667022|-0.2911384266702157|
|170|169.37263639604348|0.6273636039565247|
|170|169.3719379088978|0.6280620911022083|
|170|166.0670087474554|3.9329912525446105|
|170|168.77407404714393|1.2259259528560733|
|170|169.46960003345765|0.5303999665423476|
|170|169.69214565407805|0.30785434592195315|
|170|169.05371250518948|0.9462874948105195|
|170|169.39375678144808|0.6062432185519242|