#first column : real data ; second column : estimated data from camera
|100|88.16807049232777|11.831929507672228|
|100|88.34676748359612|11.653232516403875|
|100|88.34642588313838|11.65357411686162|
|100|88.45527460167963|11.544725398320367|
|100|88.28754940711462|11.712450592885375|
|100|87.3438431191832|12.656156880816795|
|100|87.86491955740189|12.13508044259811|
|100|87.61727727632484|12.382722723675158|
|100|87.61061492510237|12.389385074897632|
|100|87.59240842932229|12.40759157067771|
|100|87.24343620562846|12.756563794371544|
|100|87.24736702616619|12.752632973833812|
|100|87.01572922027468|12.984270779725321|
|100|87.2307503632118|12.769249636788203|
|100|87.32887947819314|12.671120521806856|
|100|87.37883631713555|12.621163682864449|
|100|87.70885867958499|12.291141320415008|
|100|87.76005453306067|12.239945466939332|
|100|88.18765133171914|11.812348668280862|
|100|87.87904780454673|12.12095219545327|
|100|87.84906410090036|12.150935899099636|
|100|86.9662327387802|13.033767261219793|
|100|87.15333881533516|12.846661184664839|
|100|86.97670748402798|13.023292515972017|
|100|87.09551545509034|12.904484544909664|
|100|87.02209107327141|12.977908926728588|
|100|87.4941338531701|12.505866146829902|
|100|87.59201361640386|12.407986383596139|
|100|87.49361378939861|12.506386210601391|
|100|87.66913680147213|12.330863198527865|
|200|193.1065620822521|6.893437917747889|
|200|193.01323861975703|6.986761380242967|
|200|193.20325979966418|6.796740200335819|
|200|193.18723201155802|6.812767988441976|
|200|193.14834108677394|6.851658913226061|
|200|192.42230043133088|7.577699568669118|
|200|192.44051095862443|7.559489041375571|
|200|192.41045557260216|7.58954442739784|
|200|192.56724431509565|7.43275568490435|
|200|192.71200679077393|7.287993209226073|
|200|192.5327579290531|7.467242070946895|
|200|192.44965644820297|7.550343551797027|
|200|192.37519651530923|7.624803484690773|
|200|192.31586298947275|7.684137010527252|
|200|192.40655005562337|7.59344994437663|
|200|191.6517664160599|8.3482335839401|
|200|191.59970944177365|8.400290558226345|
|200|191.47636945242442|8.523630547575578|
|200|191.17239759054706|8.827602409452936|
|200|191.52763333567566|8.47236666432434|
|200|191.51976604955328|8.480233950446717|
|200|191.5120469532451|8.48795304675491|
|200|191.46676664726994|8.533233352730065|
|200|191.23582456746124|8.764175432538764|
|200|191.3865999180107|8.613400081989312|
|200|192.64819504690942|7.3518049530905785|
|200|192.8364632398116|7.163536760188407|
|200|192.88163391877433|7.118366081225673|
|200|192.8368487394958|7.163151260504208|
|200|192.851873943732|7.148126056268012|
|300|295.0758044485094|4.924195551490584|
|300|295.18690526903254|4.813094730967464|
|300|295.1093031975654|4.890696802434604|
|300|295.1977905947177|4.802209405282326|
|300|295.36087638821823|4.63912361178177|
|300|295.6543222009781|4.345677799021928|
|300|295.6435713502051|4.356428649794907|
|300|295.6701875559273|4.329812444072672|
|300|295.5110526895746|4.488947310425374|
|300|295.48981420366385|4.510185796336145|
|300|296.30916666666667|3.6908333333333303|
|300|296.37792267986936|3.622077320130643|
|300|296.3110682643712|3.6889317356287847|
|300|296.3072348521529|3.692765147847126|
|300|296.2874392516685|3.712560748331498|
|300|296.3296929997517|3.670307000248272|
|300|296.15862481030274|3.84137518969726|
|300|296.3431722786913|3.656827721308673|
|300|296.4823713874057|3.517628612594308|
|300|296.41539148603835|3.584608513961655|
|300|294.0281965912351|5.971803408764913|
|300|294.163486632752|5.836513367248017|
|300|294.05867881938696|5.941321180613045|
|300|293.7220677916289|6.277932208371112|
|300|294.0177211937354|5.982278806264617|
|300|295.30746344601397|4.692536553986031|
|300|295.3840656275812|4.615934372418792|
|300|295.36891470084527|4.6310852991547335|
|300|295.1662051109889|4.833794889011074|
|300|295.2091092425485|4.790890757451507|
|400|398.7307440002598|1.26925599974021|
|400|398.5942993907746|1.4057006092253914|
|400|398.73723104825945|1.2627689517405543|
|400|398.61777289546717|1.3822271045328307|
|400|398.73668499201904|1.2633150079809639|
|400|400.24390629332254|-0.24390629332253866|
|400|400.4229364243063|-0.4229364243062719|
|400|400.42756649600165|-0.42756649600164565|
|400|400.31884105174174|-0.3188410517417424|
|400|400.5863204833141|-0.5863204833141253|
|400|399.4338241630795|0.566175836920479|
|400|399.09848717948717|0.9015128205128349|
|400|399.37600149156725|0.6239985084327486|
|400|399.1033319728979|0.8966680271021232|
|400|399.2434908875389|0.7565091124611172|
|400|399.4708503023571|0.5291496976428789|
|400|399.51254940711465|0.4874505928853523|
|400|399.23810546819055|0.7618945318094461|
|400|399.259325173085|0.740674826914983|
|400|399.32796390095905|0.6720360990409517|
|400|399.0350339234992|0.9649660765007866|
|400|399.25515539549156|0.7448446045084438|
|400|398.98954488751235|1.010455112487648|
|400|399.17402190923315|0.8259780907668528|
|400|398.98307899208754|1.0169210079124582|
|400|399.07214881590915|0.927851184090855|
|400|399.10458922309317|0.8954107769068287|
|400|399.0889772727273|0.9110227272727229|
|400|398.7780118255728|1.2219881744272243|
|400|399.1667423686813|0.8332576313187019|
|500|502.6226057934945|-2.622605793494472|
|500|502.65299873121216|-2.652998731212165|
|500|502.8645538790176|-2.864553879017592|
|500|502.77961101193273|-2.7796110119327295|
|500|502.71382597827596|-2.7138259782759633|
|500|502.73264968563495|-2.7326496856349536|
|500|502.85533837810823|-2.855338378108229|
|500|502.8492740998838|-2.8492740998838144|
|500|502.9668655854844|-2.9668655854844133|
|500|502.9474823846093|-2.947482384609316|
|500|502.74197449729365|-2.741974497293654|
|500|503.17142154564243|-3.1714215456424313|
|500|502.8908463370838|-2.890846337083815|
|500|502.99157596763064|-2.991575967630638|
|500|502.88559227174267|-2.8855922717426665|
|500|502.41327265593253|-2.4132726559325306|
|500|502.3047294573897|-2.304729457389726|
|500|502.3746825867363|-2.3746825867362986|
|500|502.3402320510994|-2.340232051099406|
|500|502.81521239954077|-2.815212399540769|
|500|501.3398795267923|-1.3398795267922878|
|500|501.4341782109828|-1.4341782109827932|
|500|501.4120022737051|-1.4120022737051272|
|500|501.4084420458663|-1.408442045866309|
|500|501.4283559357023|-1.4283559357023137|
|500|501.97095614136845|-1.9709561413684469|
|500|501.8351677021475|-1.835167702147487|
|500|502.1602363436608|-2.160236343660813|
|500|502.48031013337913|-2.4803101333791346|
|500|502.5107458912769|-2.5107458912768834|
|600|606.6735835907753|-6.673583590775252|
|600|606.9990916597853|-6.999091659785336|
|600|606.9151861068719|-6.915186106871943|
|600|607.012619853356|-7.012619853356|
|600|606.8745782246895|-6.874578224689458|
|600|606.806641880008|-6.806641880007987|
|600|606.969139672588|-6.969139672587971|
|600|607.05941847396|-7.059418473960022|
|600|607.1766336957317|-7.1766336957316526|
|600|606.9177720931066|-6.917772093106578|
|600|607.1308569135059|-7.130856913505909|
|600|607.1394954045085|-7.139495404508466|
|600|607.0187509953847|-7.018750995384721|
|600|607.1351752021562|-7.135175202156233|
|600|606.9729197759916|-6.972919775991613|
|600|607.3700193774978|-7.370019377497783|
|600|607.5718497370693|-7.5718497370693285|
|600|607.1429477499245|-7.142947749924474|
|600|607.342437986413|-7.3424379864129605|
|600|607.3734820481395|-7.373482048139522|
|600|605.6650714400755|-5.665071440075508|
|600|605.9006139541486|-5.900613954148639|
|600|605.7769496357943|-5.776949635794267|
|600|605.9848119919152|-5.984811991915194|
|600|605.7952120873745|-5.795212087374466|
|600|607.410671544494|-7.410671544493994|
|600|607.2024453024453|-7.202445302445312|
|600|607.1725253131946|-7.172525313194569|
|600|607.4632830696667|-7.463283069666659|
|600|607.5172813445796|-7.517281344579601|
|700|711.6027649006622|-11.602764900662237|
|700|711.5637123371905|-11.563712337190509|
|700|711.5955372807018|-11.59553728070182|
|700|711.5941384026257|-11.594138402625731|
|700|712.0273244024864|-12.027324402486443|
|700|711.8685112844023|-11.868511284402302|
|700|712.081460736132|-12.081460736132044|
|700|711.9207717289607|-11.920771728960744|
|700|711.6811238902341|-11.681123890234062|
|700|711.9671316791928|-11.96713167919279|
|700|711.7927267981917|-11.792726798191666|
|700|711.3573247471184|-11.357324747118355|
|700|711.5387362492961|-11.538736249296107|
|700|711.8378428353756|-11.837842835375568|
|700|711.7061221431247|-11.70612214312473|
|700|711.1726136332313|-11.172613633231322|
|700|711.2366975209641|-11.236697520964071|
|700|710.9363408698382|-10.936340869838205|
|700|711.6288661656308|-11.628866165630825|
|700|711.1383637987569|-11.138363798756927|
|700|710.8757922077923|-10.875792207792301|
|700|710.5548873236469|-10.55488732364688|
|700|710.8897773022503|-10.889777302250309|
|700|711.0136279203438|-11.013627920343765|
|700|710.8847895164373|-10.884789516437309|
|700|710.5139093202304|-10.513909320230368|
|700|710.4936417379143|-10.493641737914345|
|700|710.5484025879277|-10.54840258792774|
|700|710.4278773977987|-10.427877397798738|
|700|710.4391041739108|-10.439104173910778|
|800|815.5566231414266|-15.556623141426599|
|800|815.6263515096864|-15.626351509686401|
|800|815.4573347287633|-15.457334728763271|
|800|815.7258958668651|-15.72589586686513|
|800|815.6656475468975|-15.665647546897503|
|800|815.834223404898|-15.834223404898012|
|800|815.8226912374128|-15.822691237412755|
|800|815.6669279897228|-15.666927989722808|
|800|815.8502114238843|-15.850211423884275|
|800|816.0081708797966|-16.00817087979658|
|800|816.8497437399128|-16.84974373991281|
|800|816.8491857823847|-16.849185782384666|
|800|816.6679512761323|-16.66795127613227|
|800|816.7181060448692|-16.71810604486916|
|800|816.6293838024894|-16.62938380248943|
|800|815.24723249764|-15.24723249763997|
|800|815.110362713852|-15.110362713852055|
|800|815.2035426050643|-15.203542605064285|
|800|815.5155392325846|-15.515539232584615|
|800|815.3935174129354|-15.393517412935353|
|800|817.5070788799169|-17.50707887991689|
|800|817.3879805985557|-17.387980598555714|
|800|817.3675661171808|-17.367566117180786|
|800|817.3133782556647|-17.313378255664702|
|800|817.3302875589417|-17.330287558941677|
|800|816.3317726444775|-16.331772644477496|
|800|816.6704998174794|-16.670499817479367|
|800|816.2716715557185|-16.271671555718513|
|800|816.3158873294401|-16.315887329440102|
|800|816.2777166081057|-16.27771660810572|
|900|919.4439946788627|-19.443994678862737|
|900|919.4815243170439|-19.481524317043863|
|900|919.5310559006211|-19.53105590062114|
|900|919.4293630665363|-19.429363066536325|
|900|919.4723350702111|-19.472335070211102|
|900|921.6910332918497|-21.69103329184975|
|900|921.7504054479912|-21.75040544799117|
|900|921.4417959034613|-21.441795903461298|
|900|922.0180289635177|-22.018028963517736|
|900|921.5159691177307|-21.51596911773072|
|900|920.797465437788|-20.79746543778799|
|900|920.7879269658428|-20.787926965842757|
|900|920.7343967292657|-20.734396729265654|
|900|920.7980659311017|-20.798065931101746|
|900|920.790664360582|-20.790664360582014|
|900|922.3625709943205|-22.36257099432055|
|900|922.5293001123754|-22.52930011237538|
|900|922.7030539269376|-22.703053926937628|
|900|922.5091280826088|-22.509128082608754|
|900|922.3561497956155|-22.356149795615465|
|900|920.1876043921027|-20.187604392102685|
|900|920.421656393565|-20.421656393564945|
|900|920.6603286347247|-20.660328634724692|
|900|920.400086559401|-20.40008655940096|
|900|920.6492788500083|-20.649278850008272|
|900|921.2863408097733|-21.286340809773264|
|900|921.3624749141734|-21.36247491417339|
|900|921.057381698761|-21.05738169876099|
|900|921.3097887619083|-21.309788761908294|
|900|921.1506417269845|-21.15064172698453|
