#first column : real data ; second column : estimated data from camera
|100|85.77414095811386|14.225859041886139|
|100|85.84457305022654|14.155426949773457|
|100|86.20740534254705|13.792594657452952|
|100|85.84259120181747|14.15740879818253|
|100|86.29162670395465|13.708373296045352|
|100|86.44449858595124|13.555501414048763|
|100|86.59866218280075|13.401337817199249|
|100|86.47544960373908|13.52455039626092|
|100|86.29714034211649|13.702859657883508|
|100|86.46865657546813|13.531343424531869|
|100|86.29059360712297|13.709406392877028|
|100|86.05916073295822|13.940839267041781|
|100|86.22443816896785|13.77556183103215|
|100|86.1676753145824|13.832324685417603|
|100|86.09000394436131|13.909996055638686|
|100|87.6676295697301|12.332370430269904|
|100|87.3021580134508|12.697841986549193|
|100|87.04419705027242|12.955802949727584|
|100|86.80328346440567|13.196716535594334|
|100|87.27863799876717|12.721362001232833|
|100|86.88169191919192|13.118308080808077|
|100|86.76436477732882|13.235635222671178|
|100|86.78651939979133|13.213480600208669|
|100|86.81149982800137|13.188500171998626|
|100|86.7183687872873|13.281631212712696|
|100|85.4526451204855|14.5473548795145|
|100|85.3675108146656|14.632489185334407|
|100|85.4816714650663|14.518328534933701|
|100|85.39457657774538|14.605423422254617|
|100|85.46886317429554|14.531136825704465|
|200|190.94514169333723|9.054858306662766|
|200|190.79559240362812|9.20440759637188|
|200|190.82026603658002|9.179733963419977|
|200|190.9148716839677|9.085128316032296|
|200|191.02874743681912|8.971252563180883|
|200|190.5869745404911|9.413025459508901|
|200|190.78667399028137|9.213326009718628|
|200|190.7162121365095|9.283787863490488|
|200|190.68035254333708|9.31964745666292|
|200|190.74330304136907|9.256696958630926|
|200|190.5611251786491|9.438874821350907|
|200|190.56268357114305|9.437316428856946|
|200|190.45621784658312|9.543782153416885|
|200|190.4536935780398|9.546306421960196|
|200|190.62686445805|9.373135541950006|
|200|190.98999264797897|9.010007352021034|
|200|191.03382853593212|8.966171464067884|
|200|191.15496829950402|8.84503170049598|
|200|191.33545050963528|8.66454949036472|
|200|191.07020947160476|8.929790528395245|
|200|190.54493847093283|9.455061529067166|
|200|190.6442021366718|9.355797863328206|
|200|190.59744359574375|9.402556404256245|
|200|190.62375209415956|9.376247905840444|
|200|190.65934283242404|9.340657167575955|
|200|190.25286208757467|9.74713791242533|
|200|190.0522646109281|9.947735389071909|
|200|190.060875|9.93912499999999|
|200|190.09427936361476|9.90572063638524|
|200|190.0804628449559|9.919537155044111|
|300|295.0394129699747|4.9605870300252946|
|300|295.02256139524775|4.977438604752251|
|300|295.19531988311724|4.804680116882764|
|300|295.0602530730705|4.939746926929502|
|300|295.1067929911593|4.8932070088407045|
|300|295.07931591782824|4.920684082171761|
|300|294.93534632480646|5.06465367519354|
|300|294.8882225365394|5.111777463460612|
|300|294.99200863346084|5.007991366539159|
|300|294.98275561060774|5.0172443893922605|
|300|294.6818284829649|5.318171517035125|
|300|294.7063284938969|5.293671506103124|
|300|294.8993749617947|5.100625038205294|
|300|294.65769475791774|5.342305242082261|
|300|294.5796078149623|5.420392185037713|
|300|295.9928537739822|4.007146226017824|
|300|295.9640731493353|4.03592685066468|
|300|295.9200141639477|4.079985836052288|
|300|295.83798404499345|4.162015955006552|
|300|296.0336813759376|3.96631862406241|
|300|295.3548925260443|4.645107473955704|
|300|295.2079843821865|4.79201561781349|
|300|295.53869809273004|4.461301907269956|
|300|295.44714823820715|4.5528517617928514|
|300|295.2858695872321|4.714130412767872|
|300|294.6632472589206|5.336752741079408|
|300|294.8938469667586|5.106153033241412|
|300|294.73121422482035|5.268785775179651|
|300|294.5205757070293|5.479424292970691|
|300|294.719813414745|5.280186585255024|
|400|398.6483659256969|1.3516340743030923|
|400|398.632826960014|1.367173039986028|
|400|398.7085972027003|1.2914027972997246|
|400|398.65423898082315|1.345761019176848|
|400|398.7458841185158|1.2541158814842106|
|400|398.44735242118895|1.5526475788110474|
|400|398.5181946898371|1.4818053101628834|
|400|398.3819251942172|1.6180748057827827|
|400|398.446415034358|1.5535849656420169|
|400|398.44383970863555|1.5561602913644492|
|400|398.98294475470755|1.017055245292454|
|400|398.8568982983818|1.1431017016182068|
|400|398.80537700028606|1.1946229997139426|
|400|398.85581641023634|1.1441835897636565|
|400|398.83941357908395|1.1605864209160472|
|400|398.0540255890154|1.9459744109846042|
|400|398.309982940173|1.6900170598270279|
|400|397.80820132569374|2.1917986743062556|
|400|398.1338599259053|1.8661400740946874|
|400|397.92399769614104|2.0760023038589566|
|400|398.3619575657033|1.6380424342967217|
|400|398.51383424563807|1.4861657543619344|
|400|398.37591140000575|1.624088599994252|
|400|398.35423288413324|1.6457671158667608|
|400|398.30359561110134|1.6964043888986566|
|400|399.49097908956116|0.509020910438835|
|400|399.4876515823721|0.5123484176278907|
|400|399.3711355717453|0.6288644282547011|
|400|399.4896529221334|0.5103470778665837|
|400|399.418522125871|0.581477874129007|
|500|502.86550291060394|-2.8655029106039365|
|500|502.8216993137187|-2.821699313718682|
|500|503.0382763320382|-3.0382763320382082|
|500|502.91339866003364|-2.9133986600336357|
|500|502.61926468761646|-2.6192646876164645|
|500|503.35823453335763|-3.3582345333576313|
|500|503.6488510246261|-3.648851024626083|
|500|503.38794616977225|-3.387946169772249|
|500|503.4013656501862|-3.4013656501862215|
|500|503.56665043491546|-3.5666504349154593|
|500|503.3966161702747|-3.396616170274683|
|500|503.5208638181641|-3.5208638181641163|
|500|503.32634907068825|-3.326349070688252|
|500|503.1812221260734|-3.1812221260734077|
|500|503.38536499959343|-3.3853649995934347|
|500|505.1671916322467|-5.167191632246727|
|500|505.0895006534149|-5.089500653414916|
|500|505.14511099375466|-5.145110993754656|
|500|505.1189495247959|-5.11894952479588|
|500|505.0468620672866|-5.046862067286611|
|500|504.01324354657686|-4.013243546576859|
|500|504.04656745217886|-4.046567452178863|
|500|504.0552984285353|-4.055298428535309|
|500|504.0018775510204|-4.001877551020414|
|500|503.9991334051289|-3.999133405128873|
|500|504.5683399742568|-4.568339974256787|
|500|504.9062153437896|-4.906215343789597|
|500|504.75872849842017|-4.758728498420169|
|500|504.89168478580245|-4.891684785802454|
|500|504.9382079172291|-4.938207917229079|
|600|608.1264565883698|-8.12645658836982|
|600|608.3441424622124|-8.344142462212403|
|600|608.2927298579007|-8.292729857900667|
|600|608.0337200289812|-8.033720028981179|
|600|608.3619018251766|-8.361901825176574|
|600|609.1484915272856|-9.148491527285614|
|600|609.3523188367058|-9.352318836705763|
|600|609.1546119942768|-9.15461199427682|
|600|609.0729308279924|-9.072930827992423|
|600|608.9978008338913|-8.997800833891347|
|600|607.7746681926258|-7.774668192625768|
|600|608.5050374685997|-8.505037468599653|
|600|607.6502834516817|-7.65028345168173|
|600|607.6766452644082|-7.676645264408194|
|600|607.7711342880272|-7.771134288027156|
|600|609.22549323417|-9.225493234170017|
|600|609.2075114419204|-9.20751144192036|
|600|609.3643167074403|-9.364316707440253|
|600|609.0988242380973|-9.098824238097336|
|600|609.2276551199086|-9.227655119908604|
|600|609.62438119543|-9.624381195430033|
|600|609.0869488435684|-9.086948843568393|
|600|609.3638058632544|-9.363805863254356|
|600|609.4203989403147|-9.420398940314726|
|600|609.4064926258941|-9.406492625894089|
|600|609.5630206726319|-9.563020672631865|
|600|609.4644017637393|-9.46440176373926|
|600|610.7409672830726|-10.740967283072564|
|600|610.0186398568542|-10.018639856854179|
|600|610.9591934856669|-10.959193485666901|
|700|714.4745865478028|-14.4745865478028|
|700|714.4730742083843|-14.473074208384332|
|700|714.5918976456837|-14.59189764568373|
|700|714.6795585476956|-14.679558547695592|
|700|714.5070390990704|-14.507039099070425|
|700|713.5673358000217|-13.567335800021738|
|700|713.468240593885|-13.468240593884957|
|700|713.4234459360412|-13.423445936041162|
|700|713.2933479092098|-13.293347909209842|
|700|713.5542327394237|-13.554232739423696|
|700|712.7646421107628|-12.764642110762793|
|700|712.8461741194674|-12.846174119467378|
|700|712.8087481433855|-12.808748143385515|
|700|713.1172658839703|-13.117265883970276|
|700|712.6904533916695|-12.690453391669507|
|700|713.3317897714312|-13.331789771431204|
|700|713.4533780391403|-13.453378039140262|
|700|713.211316919384|-13.21131691938399|
|700|713.2308148544589|-13.230814854458913|
|700|713.3489432518109|-13.348943251810852|
|700|713.4455122600065|-13.445512260006467|
|700|713.6597729191087|-13.659772919108718|
|700|713.4677013513954|-13.467701351395363|
|700|713.7316902878919|-13.731690287891865|
|700|713.3559395695364|-13.355939569536417|
|700|712.9742668968884|-12.974266896888366|
|700|712.5398944082991|-12.53989440829912|
|700|713.236737367436|-13.236737367436035|
|700|713.4483758628032|-13.448375862803232|
|700|712.5693184952639|-12.569318495263929|
|800|817.4748096476392|-17.474809647639177|
|800|817.5353815353815|-17.535381535381475|
|800|817.4755260454617|-17.47552604546172|
|800|817.5234981105709|-17.523498110570927|
|800|817.5863124564864|-17.58631245648644|
|800|817.4261018087875|-17.426101808787507|
|800|817.4829458555612|-17.482945855561184|
|800|817.3624139894447|-17.36241398944469|
|800|817.2839711638886|-17.283971163888623|
|800|817.2655518948845|-17.26555189488454|
|800|818.9403518617212|-18.940351861721183|
|800|819.0668490406556|-19.066849040655597|
|800|818.9878835558786|-18.987883555878625|
|800|819.2511440250571|-19.2511440250571|
|800|819.2444098354733|-19.244409835473334|
|800|818.790214776231|-18.790214776230982|
|800|818.6481485477536|-18.648148547753635|
|800|818.7972189296771|-18.797218929677115|
|800|818.3917403054221|-18.391740305422104|
|800|818.6460174391276|-18.646017439127604|
|800|817.8115631492809|-17.811563149280914|
|800|817.8561781246144|-17.856178124614416|
|800|818.091108868103|-18.091108868102992|
|800|817.7405439541739|-17.74054395417386|
|800|817.9425298703068|-17.94252987030677|
|800|817.9025750729738|-17.902575072973832|
|800|817.9247075067219|-17.924707506721916|
|800|817.9800648993867|-17.98006489938666|
|800|817.9348428994185|-17.934842899418527|
|800|817.9165261888304|-17.916526188830403|
|900|920.7028798006504|-20.702879800650408|
|900|920.8242018401767|-20.82420184017667|
|900|920.6917546407278|-20.691754640727822|
|900|920.5420522444401|-20.54205224444013|
|900|920.7162638092537|-20.716263809253746|
|900|921.8053785343616|-21.80537853436158|
|900|921.8264042781007|-21.826404278100654|
|900|921.7406080048706|-21.740608004870637|
|900|921.8296729712564|-21.8296729712564|
|900|921.7909449760766|-21.790944976076617|
|900|921.6992564453407|-21.699256445340666|
|900|921.7326828171011|-21.732682817101136|
|900|921.5425447947624|-21.54254479476242|
|900|921.6620460694558|-21.662046069455755|
|900|921.7602146221366|-21.760214622136573|
|900|922.0485961123111|-22.04859611231109|
|900|921.5647377564003|-21.56473775640029|
|900|921.9915433403805|-21.99154334038053|
|900|921.8653951309486|-21.865395130948627|
|900|921.9744272834762|-21.97442728347619|
|900|922.3057883792634|-22.30578837926339|
|900|922.4618452949733|-22.461845294973273|
|900|922.2436000779209|-22.24360007792086|
|900|922.3542480692789|-22.354248069278924|
|900|922.3541709514211|-22.35417095142111|
|900|919.8956840857832|-19.89568408578316|
|900|920.0543358946213|-20.054335894621317|
|900|920.0149507665462|-20.014950766546235|
|900|919.9814561465582|-19.98145614655823|
|900|920.0373467341265|-20.03734673412646|
