#first column : real data ; second column : estimated data from camera
|100|85.61553076020867|14.38446923979133|
|100|85.54985506262297|14.450144937377033|
|100|85.48136958287812|14.518630417121884|
|100|85.5333578390404|14.466642160959594|
|100|85.63622448979592|14.363775510204079|
|100|84.9506447480191|15.049355251980899|
|100|85.005357306564|14.994642693436006|
|100|84.34330684055664|15.656693159443364|
|100|84.51310111055422|15.486898889445783|
|100|84.3328615045009|15.667138495499103|
|100|85.54954459319029|14.45045540680971|
|100|85.2842441712049|14.715755828795096|
|100|86.12064910393906|13.879350896060942|
|100|85.39313705181206|14.606862948187938|
|100|85.58089574838918|14.419104251610818|
|100|85.60475223744031|14.395247762559691|
|100|86.06738891529048|13.93261108470952|
|100|86.0600598750122|13.9399401249878|
|100|86.02864344512861|13.971356554871392|
|100|86.2722009864023|13.727799013597703|
|100|86.34239118538704|13.657608814612956|
|100|83.83266013767289|16.16733986232711|
|100|83.82185333942991|16.178146660570093|
|100|84.07758438961109|15.92241561038891|
|100|84.19645801086094|15.803541989139063|
|100|83.9863858159454|16.013614184054603|
|100|84.29521393052731|15.70478606947269|
|100|83.77460317460317|16.225396825396828|
|100|83.72148458896386|16.27851541103614|
|100|83.84773274543825|16.15226725456175|
|200|187.86740351382488|12.132596486175117|
|200|187.87722211922713|12.122777880772873|
|200|187.94612561401834|12.053874385981658|
|200|187.9090606557543|12.090939344245697|
|200|187.7757030877876|12.224296912212395|
|200|188.7938812154696|11.20611878453039|
|200|188.66171449067434|11.338285509325658|
|200|188.49279171808584|11.50720828191416|
|200|188.50149290764904|11.498507092350962|
|200|188.58114770459082|11.418852295409181|
|200|187.58428321200137|12.415716787998633|
|200|187.91023731048122|12.089762689518778|
|200|187.82950528342081|12.170494716579185|
|200|187.76152558291477|12.238474417085229|
|200|187.54331728569213|12.456682714307874|
|200|187.39479385964913|12.605206140350873|
|200|187.7271315218205|12.272868478179504|
|200|187.97456471480695|12.025435285193055|
|200|187.71987189371163|12.280128106288373|
|200|187.70795571373378|12.292044286266218|
|200|187.53799036571525|12.462009634284755|
|200|187.9647603446476|12.035239655352399|
|200|188.21362371460305|11.786376285396955|
|200|188.17070945194928|11.829290548050722|
|200|187.8685647213696|12.131435278630391|
|200|188.0178697325611|11.98213026743889|
|200|187.89523791895778|12.104762081042225|
|200|186.21476216723113|13.785237832768871|
|200|186.7145881158507|13.285411884149312|
|200|186.6098104602127|13.390189539787286|
|300|292.50453184390483|7.495468156095171|
|300|292.5795226234952|7.420477376504778|
|300|292.25798380715577|7.742016192844233|
|300|292.38248535513617|7.617514644863832|
|300|292.45190739801865|7.548092601981352|
|300|293.2472843137727|6.752715686227305|
|300|293.18923199761116|6.810768002388841|
|300|293.2210948905109|6.778905109489074|
|300|293.2678937974119|6.732106202588113|
|300|293.30435177779395|6.695648222206046|
|300|292.88910399598916|7.11089600401084|
|300|292.9884774779749|7.011522522025075|
|300|293.1904853701859|6.809514629814089|
|300|293.048210485873|6.951789514126972|
|300|293.15460542107223|6.845394578927767|
|300|293.01558473488893|6.984415265111068|
|300|291.2349925889328|8.765007411067188|
|300|291.3148673907924|8.685132609207585|
|300|291.197716814568|8.802283185431975|
|300|291.2917398741195|8.708260125880486|
|300|291.2805678619065|8.71943213809351|
|300|292.26880644656336|7.73119355343664|
|300|292.1162995168736|7.883700483126404|
|300|292.2169312711957|7.783068728804324|
|300|292.1907707712513|7.809229228748677|
|300|292.3144483108598|7.685551689140198|
|300|292.0149468787928|7.9850531212072156|
|300|292.2953566214436|7.704643378556398|
|300|291.97352816965713|8.02647183034287|
|300|291.9045683598779|8.095431640122115|
|400|395.06628782352425|4.933712176475751|
|400|395.2779285468911|4.722071453108924|
|400|394.9834451219512|5.016554878048794|
|400|395.36614707082344|4.633852929176555|
|400|395.48917814399067|4.510821856009329|
|400|396.5502690387319|3.4497309612680738|
|400|396.7806639960669|3.2193360039331083|
|400|396.59152507442184|3.4084749255781617|
|400|396.7244446646836|3.275555335316426|
|400|396.7761414369903|3.223858563009685|
|400|395.9089499017998|4.091050098200185|
|400|395.87400412087914|4.125995879120865|
|400|395.7839542344018|4.21604576559821|
|400|395.84800265882325|4.151997341176752|
|400|395.63302909207164|4.366970907928362|
|400|396.4041666666667|3.595833333333303|
|400|396.31979527658564|3.680204723414363|
|400|396.07293519797054|3.927064802029463|
|400|396.24858716867675|3.7514128313232504|
|400|396.526704713399|3.473295286601001|
|400|397.1627751700827|2.837224829917318|
|400|396.89953961603976|3.1004603839602396|
|400|397.06302749858116|2.936972501418836|
|400|397.1799731182796|2.8200268817204233|
|400|396.8860228976421|3.1139771023579215|
|400|396.36733901798476|3.6326609820152385|
|400|396.3337265436229|3.6662734563770982|
|400|396.3005950338353|3.699404966164707|
|400|396.3900416330916|3.6099583669084154|
|400|396.68059389080076|3.3194061091992353|
|500|500.4159903324519|-0.41599033245188366|
|500|500.40568471828817|-0.4056847182881711|
|500|500.38426958337755|-0.38426958337754513|
|500|500.2492741323089|-0.24927413230892626|
|500|500.2778369655475|-0.2778369655475217|
|500|500.3602155347845|-0.3602155347845155|
|500|500.6098992464324|-0.6098992464324056|
|500|500.7480976926853|-0.7480976926852918|
|500|500.348755459076|-0.3487554590760169|
|500|500.88735394798437|-0.8873539479843657|
|500|500.23525566026046|-0.23525566026046363|
|500|499.95316720060913|0.04683279939087015|
|500|499.96518859730753|0.03481140269246907|
|500|500.1486195959507|-0.14861959595071994|
|500|499.8592774742169|0.14072252578307598|
|500|500.10381734930473|-0.10381734930473385|
|500|500.2786244705171|-0.2786244705171157|
|500|500.7215044256201|-0.7215044256200827|
|500|500.6923841059603|-0.6923841059602864|
|500|500.440849892854|-0.4408498928539757|
|500|500.7251847126389|-0.7251847126389066|
|500|500.67020642987575|-0.6702064298757477|
|500|501.45036866083205|-1.450368660832055|
|500|501.46358548168246|-1.4635854816824576|
|500|500.9904780683995|-0.9904780683995114|
|500|501.8765055684762|-1.8765055684762046|
|500|500.4226687227867|-0.4226687227866819|
|500|500.55726843812226|-0.5572684381222643|
|500|500.38782549420586|-0.3878254942058561|
|500|500.47492415104|-0.47492415103999974|
|600|604.6356675307372|-4.635667530737237|
|600|604.7595237270923|-4.759523727092301|
|600|604.8150729290417|-4.815072929041662|
|600|604.8209290709291|-4.820929070929083|
|600|604.7405098112908|-4.740509811290849|
|600|604.8105232486812|-4.810523248681193|
|600|604.850559091901|-4.850559091901005|
|600|604.8484629169094|-4.848462916909398|
|600|604.7629797081574|-4.762979708157445|
|600|604.9908811250275|-4.990881125027499|
|600|605.6378126260206|-5.6378126260206045|
|600|605.4363129928142|-5.436312992814237|
|600|605.5132845413206|-5.513284541320559|
|600|605.6899904919642|-5.689990491964181|
|600|605.7780289871489|-5.7780289871489|
|600|604.8766577540107|-4.876657754010694|
|600|604.7552160094995|-4.755216009499463|
|600|604.906103377311|-4.906103377310956|
|600|604.862720670528|-4.862720670528006|
|600|604.9376153708397|-4.937615370839694|
|600|605.1094888285106|-5.109488828510621|
|600|604.9057240858353|-4.905724085835345|
|600|605.2128115189955|-5.212811518995522|
|600|605.2958027663151|-5.2958027663150915|
|600|604.8780193702733|-4.87801937027325|
|600|606.1565159359075|-6.156515935907464|
|600|606.0624233184728|-6.062423318472838|
|600|606.0496207563402|-6.049620756340232|
|600|606.2450694769711|-6.245069476971139|
|600|606.251520896607|-6.251520896606962|
|700|710.0033172357398|-10.003317235739814|
|700|709.8813725490196|-9.881372549019602|
|700|710.1864847864978|-10.186484786497772|
|700|710.2624210651734|-10.262421065173385|
|700|709.9780042004338|-9.978004200433816|
|700|709.7184660368871|-9.718466036887094|
|700|709.9555837355683|-9.955583735568325|
|700|709.7576099115545|-9.757609911554482|
|700|709.9081939256131|-9.90819392561309|
|700|709.8880547637284|-9.888054763728405|
|700|709.052170536957|-9.052170536956964|
|700|709.1928311840563|-9.192831184056331|
|700|709.2234730848861|-9.223473084886109|
|700|709.0388604374014|-9.038860437401354|
|700|709.2642578774055|-9.264257877405498|
|700|710.2484325904807|-10.248432590480661|
|700|710.1605700297255|-10.160570029725477|
|700|710.2660062719056|-10.266006271905553|
|700|710.2270822716721|-10.227082271672089|
|700|710.4321324692075|-10.432132469207545|
|700|710.3776130986656|-10.37761309866562|
|700|710.0393079707371|-10.039307970737127|
|700|710.1240603594638|-10.124060359463783|
|700|709.7805778082677|-9.780577808267708|
|700|709.8491530021702|-9.84915300217017|
|700|710.1218859391743|-10.121885939174263|
|700|711.2801736307172|-11.280173630717172|
|700|711.4003789862663|-11.400378986266333|
|700|711.5347729451756|-11.534772945175632|
|700|711.567712565839|-11.567712565838974|
|800|814.6562084692521|-14.656208469252078|
|800|814.7482082594023|-14.748208259402304|
|800|814.4519192521877|-14.451919252187736|
|800|814.8301188039927|-14.830118803992718|
|800|813.9912193973635|-13.991219397363466|
|800|815.2336219336219|-15.233621933621862|
|800|815.1734050932004|-15.173405093200358|
|800|815.4414814236875|-15.441481423687492|
|800|815.1809888683672|-15.180988868367194|
|800|815.3999331136645|-15.399933113664474|
|800|816.0088721061547|-16.00887210615474|
|800|815.8476545779992|-15.847654577999151|
|800|815.9094626168225|-15.909462616822452|
|800|815.7817765044861|-15.78177650448606|
|800|815.9877369258959|-15.987736925895888|
|800|813.9696270806658|-13.96962708066576|
|800|814.1041432122347|-14.104143212234703|
|800|814.301814241242|-14.301814241242027|
|800|814.2015344543056|-14.201534454305602|
|800|813.8471692546243|-13.847169254624305|
|800|814.1562382108073|-14.15623821080726|
|800|815.3534432675098|-15.35344326750976|
|800|815.4693290603559|-15.469329060355903|
|800|815.4283043193344|-15.428304319334416|
|800|815.4645341286944|-15.464534128694368|
|800|815.3791301525479|-15.379130152547873|
|800|815.4806125407756|-15.48061254077561|
|800|816.0937977320066|-16.09379773200658|
|800|815.9814070441315|-15.981407044131515|
|800|816.1037085869102|-16.103708586910216|
|900|918.9031090806177|-18.903109080617696|
|900|919.0010577380708|-19.001057738070813|
|900|919.1238814520749|-19.123881452074897|
|900|918.9715977336423|-18.971597733642284|
|900|919.0346732610755|-19.034673261075454|
|900|917.9682747312154|-17.968274731215388|
|900|918.0743490194507|-18.074349019450665|
|900|917.9439865689866|-17.94398656898659|
|900|917.8250635626887|-17.825063562688683|
|900|917.949859258892|-17.949859258892047|
|900|917.4363198331159|-17.43631983311593|
|900|917.0293005096732|-17.02930050967325|
|900|916.9573266722355|-16.957326672235467|
|900|917.099804848368|-17.099804848367967|
|900|917.3790604486328|-17.3790604486328|
|900|916.2266364753916|-16.226636475391615|
|900|916.5169180761965|-16.516918076196475|
|900|916.3958942922166|-16.395894292216553|
|900|916.4931707130859|-16.493170713085874|
|900|916.4040264026403|-16.404026402640284|
|900|916.0869841269841|-16.086984126984134|
|900|917.6085893296679|-17.608589329667893|
|900|917.3445709853327|-17.344570985332666|
|900|917.329636365763|-17.329636365763008|
|900|917.4347595780289|-17.43475957802889|
|900|916.7219957461894|-16.72199574618935|
|900|917.0391955614912|-17.03919556149117|
|900|916.811631278709|-16.811631278709|
|900|916.7652592598693|-16.765259259869254|
|900|916.5210496535567|-16.5210496535567|
|100|88.16807049232777|11.831929507672228|
|100|88.34676748359612|11.653232516403875|
|100|88.34642588313838|11.65357411686162|
|100|88.45527460167963|11.544725398320367|
|100|88.28754940711462|11.712450592885375|
|100|87.3438431191832|12.656156880816795|
|100|87.86491955740189|12.13508044259811|
|100|87.61727727632484|12.382722723675158|
|100|87.61061492510237|12.389385074897632|
|100|87.59240842932229|12.40759157067771|
|100|87.24343620562846|12.756563794371544|
|100|87.24736702616619|12.752632973833812|
|100|87.01572922027468|12.984270779725321|
|100|87.2307503632118|12.769249636788203|
|100|87.32887947819314|12.671120521806856|
|100|87.37883631713555|12.621163682864449|
|100|87.70885867958499|12.291141320415008|
|100|87.76005453306067|12.239945466939332|
|100|88.18765133171914|11.812348668280862|
|100|87.87904780454673|12.12095219545327|
|100|87.84906410090036|12.150935899099636|
|100|86.9662327387802|13.033767261219793|
|100|87.15333881533516|12.846661184664839|
|100|86.97670748402798|13.023292515972017|
|100|87.09551545509034|12.904484544909664|
|100|87.02209107327141|12.977908926728588|
|100|87.4941338531701|12.505866146829902|
|100|87.59201361640386|12.407986383596139|
|100|87.49361378939861|12.506386210601391|
|100|87.66913680147213|12.330863198527865|
|200|193.1065620822521|6.893437917747889|
|200|193.01323861975703|6.986761380242967|
|200|193.20325979966418|6.796740200335819|
|200|193.18723201155802|6.812767988441976|
|200|193.14834108677394|6.851658913226061|
|200|192.42230043133088|7.577699568669118|
|200|192.44051095862443|7.559489041375571|
|200|192.41045557260216|7.58954442739784|
|200|192.56724431509565|7.43275568490435|
|200|192.71200679077393|7.287993209226073|
|200|192.5327579290531|7.467242070946895|
|200|192.44965644820297|7.550343551797027|
|200|192.37519651530923|7.624803484690773|
|200|192.31586298947275|7.684137010527252|
|200|192.40655005562337|7.59344994437663|
|200|191.6517664160599|8.3482335839401|
|200|191.59970944177365|8.400290558226345|
|200|191.47636945242442|8.523630547575578|
|200|191.17239759054706|8.827602409452936|
|200|191.52763333567566|8.47236666432434|
|200|191.51976604955328|8.480233950446717|
|200|191.5120469532451|8.48795304675491|
|200|191.46676664726994|8.533233352730065|
|200|191.23582456746124|8.764175432538764|
|200|191.3865999180107|8.613400081989312|
|200|192.64819504690942|7.3518049530905785|
|200|192.8364632398116|7.163536760188407|
|200|192.88163391877433|7.118366081225673|
|200|192.8368487394958|7.163151260504208|
|200|192.851873943732|7.148126056268012|
|300|295.0758044485094|4.924195551490584|
|300|295.18690526903254|4.813094730967464|
|300|295.1093031975654|4.890696802434604|
|300|295.1977905947177|4.802209405282326|
|300|295.36087638821823|4.63912361178177|
|300|295.6543222009781|4.345677799021928|
|300|295.6435713502051|4.356428649794907|
|300|295.6701875559273|4.329812444072672|
|300|295.5110526895746|4.488947310425374|
|300|295.48981420366385|4.510185796336145|
|300|296.30916666666667|3.6908333333333303|
|300|296.37792267986936|3.622077320130643|
|300|296.3110682643712|3.6889317356287847|
|300|296.3072348521529|3.692765147847126|
|300|296.2874392516685|3.712560748331498|
|300|296.3296929997517|3.670307000248272|
|300|296.15862481030274|3.84137518969726|
|300|296.3431722786913|3.656827721308673|
|300|296.4823713874057|3.517628612594308|
|300|296.41539148603835|3.584608513961655|
|300|294.0281965912351|5.971803408764913|
|300|294.163486632752|5.836513367248017|
|300|294.05867881938696|5.941321180613045|
|300|293.7220677916289|6.277932208371112|
|300|294.0177211937354|5.982278806264617|
|300|295.30746344601397|4.692536553986031|
|300|295.3840656275812|4.615934372418792|
|300|295.36891470084527|4.6310852991547335|
|300|295.1662051109889|4.833794889011074|
|300|295.2091092425485|4.790890757451507|
|400|398.7307440002598|1.26925599974021|
|400|398.5942993907746|1.4057006092253914|
|400|398.73723104825945|1.2627689517405543|
|400|398.61777289546717|1.3822271045328307|
|400|398.73668499201904|1.2633150079809639|
|400|400.24390629332254|-0.24390629332253866|
|400|400.4229364243063|-0.4229364243062719|
|400|400.42756649600165|-0.42756649600164565|
|400|400.31884105174174|-0.3188410517417424|
|400|400.5863204833141|-0.5863204833141253|
|400|399.4338241630795|0.566175836920479|
|400|399.09848717948717|0.9015128205128349|
|400|399.37600149156725|0.6239985084327486|
|400|399.1033319728979|0.8966680271021232|
|400|399.2434908875389|0.7565091124611172|
|400|399.4708503023571|0.5291496976428789|
|400|399.51254940711465|0.4874505928853523|
|400|399.23810546819055|0.7618945318094461|
|400|399.259325173085|0.740674826914983|
|400|399.32796390095905|0.6720360990409517|
|400|399.0350339234992|0.9649660765007866|
|400|399.25515539549156|0.7448446045084438|
|400|398.98954488751235|1.010455112487648|
|400|399.17402190923315|0.8259780907668528|
|400|398.98307899208754|1.0169210079124582|
|400|399.07214881590915|0.927851184090855|
|400|399.10458922309317|0.8954107769068287|
|400|399.0889772727273|0.9110227272727229|
|400|398.7780118255728|1.2219881744272243|
|400|399.1667423686813|0.8332576313187019|
|500|502.6226057934945|-2.622605793494472|
|500|502.65299873121216|-2.652998731212165|
|500|502.8645538790176|-2.864553879017592|
|500|502.77961101193273|-2.7796110119327295|
|500|502.71382597827596|-2.7138259782759633|
|500|502.73264968563495|-2.7326496856349536|
|500|502.85533837810823|-2.855338378108229|
|500|502.8492740998838|-2.8492740998838144|
|500|502.9668655854844|-2.9668655854844133|
|500|502.9474823846093|-2.947482384609316|
|500|502.74197449729365|-2.741974497293654|
|500|503.17142154564243|-3.1714215456424313|
|500|502.8908463370838|-2.890846337083815|
|500|502.99157596763064|-2.991575967630638|
|500|502.88559227174267|-2.8855922717426665|
|500|502.41327265593253|-2.4132726559325306|
|500|502.3047294573897|-2.304729457389726|
|500|502.3746825867363|-2.3746825867362986|
|500|502.3402320510994|-2.340232051099406|
|500|502.81521239954077|-2.815212399540769|
|500|501.3398795267923|-1.3398795267922878|
|500|501.4341782109828|-1.4341782109827932|
|500|501.4120022737051|-1.4120022737051272|
|500|501.4084420458663|-1.408442045866309|
|500|501.4283559357023|-1.4283559357023137|
|500|501.97095614136845|-1.9709561413684469|
|500|501.8351677021475|-1.835167702147487|
|500|502.1602363436608|-2.160236343660813|
|500|502.48031013337913|-2.4803101333791346|
|500|502.5107458912769|-2.5107458912768834|
|600|606.6735835907753|-6.673583590775252|
|600|606.9990916597853|-6.999091659785336|
|600|606.9151861068719|-6.915186106871943|
|600|607.012619853356|-7.012619853356|
|600|606.8745782246895|-6.874578224689458|
|600|606.806641880008|-6.806641880007987|
|600|606.969139672588|-6.969139672587971|
|600|607.05941847396|-7.059418473960022|
|600|607.1766336957317|-7.1766336957316526|
|600|606.9177720931066|-6.917772093106578|
|600|607.1308569135059|-7.130856913505909|
|600|607.1394954045085|-7.139495404508466|
|600|607.0187509953847|-7.018750995384721|
|600|607.1351752021562|-7.135175202156233|
|600|606.9729197759916|-6.972919775991613|
|600|607.3700193774978|-7.370019377497783|
|600|607.5718497370693|-7.5718497370693285|
|600|607.1429477499245|-7.142947749924474|
|600|607.342437986413|-7.3424379864129605|
|600|607.3734820481395|-7.373482048139522|
|600|605.6650714400755|-5.665071440075508|
|600|605.9006139541486|-5.900613954148639|
|600|605.7769496357943|-5.776949635794267|
|600|605.9848119919152|-5.984811991915194|
|600|605.7952120873745|-5.795212087374466|
|600|607.410671544494|-7.410671544493994|
|600|607.2024453024453|-7.202445302445312|
|600|607.1725253131946|-7.172525313194569|
|600|607.4632830696667|-7.463283069666659|
|600|607.5172813445796|-7.517281344579601|
|700|711.6027649006622|-11.602764900662237|
|700|711.5637123371905|-11.563712337190509|
|700|711.5955372807018|-11.59553728070182|
|700|711.5941384026257|-11.594138402625731|
|700|712.0273244024864|-12.027324402486443|
|700|711.8685112844023|-11.868511284402302|
|700|712.081460736132|-12.081460736132044|
|700|711.9207717289607|-11.920771728960744|
|700|711.6811238902341|-11.681123890234062|
|700|711.9671316791928|-11.96713167919279|
|700|711.7927267981917|-11.792726798191666|
|700|711.3573247471184|-11.357324747118355|
|700|711.5387362492961|-11.538736249296107|
|700|711.8378428353756|-11.837842835375568|
|700|711.7061221431247|-11.70612214312473|
|700|711.1726136332313|-11.172613633231322|
|700|711.2366975209641|-11.236697520964071|
|700|710.9363408698382|-10.936340869838205|
|700|711.6288661656308|-11.628866165630825|
|700|711.1383637987569|-11.138363798756927|
|700|710.8757922077923|-10.875792207792301|
|700|710.5548873236469|-10.55488732364688|
|700|710.8897773022503|-10.889777302250309|
|700|711.0136279203438|-11.013627920343765|
|700|710.8847895164373|-10.884789516437309|
|700|710.5139093202304|-10.513909320230368|
|700|710.4936417379143|-10.493641737914345|
|700|710.5484025879277|-10.54840258792774|
|700|710.4278773977987|-10.427877397798738|
|700|710.4391041739108|-10.439104173910778|
|800|815.5566231414266|-15.556623141426599|
|800|815.6263515096864|-15.626351509686401|
|800|815.4573347287633|-15.457334728763271|
|800|815.7258958668651|-15.72589586686513|
|800|815.6656475468975|-15.665647546897503|
|800|815.834223404898|-15.834223404898012|
|800|815.8226912374128|-15.822691237412755|
|800|815.6669279897228|-15.666927989722808|
|800|815.8502114238843|-15.850211423884275|
|800|816.0081708797966|-16.00817087979658|
|800|816.8497437399128|-16.84974373991281|
|800|816.8491857823847|-16.849185782384666|
|800|816.6679512761323|-16.66795127613227|
|800|816.7181060448692|-16.71810604486916|
|800|816.6293838024894|-16.62938380248943|
|800|815.24723249764|-15.24723249763997|
|800|815.110362713852|-15.110362713852055|
|800|815.2035426050643|-15.203542605064285|
|800|815.5155392325846|-15.515539232584615|
|800|815.3935174129354|-15.393517412935353|
|800|817.5070788799169|-17.50707887991689|
|800|817.3879805985557|-17.387980598555714|
|800|817.3675661171808|-17.367566117180786|
|800|817.3133782556647|-17.313378255664702|
|800|817.3302875589417|-17.330287558941677|
|800|816.3317726444775|-16.331772644477496|
|800|816.6704998174794|-16.670499817479367|
|800|816.2716715557185|-16.271671555718513|
|800|816.3158873294401|-16.315887329440102|
|800|816.2777166081057|-16.27771660810572|
|900|919.4439946788627|-19.443994678862737|
|900|919.4815243170439|-19.481524317043863|
|900|919.5310559006211|-19.53105590062114|
|900|919.4293630665363|-19.429363066536325|
|900|919.4723350702111|-19.472335070211102|
|900|921.6910332918497|-21.69103329184975|
|900|921.7504054479912|-21.75040544799117|
|900|921.4417959034613|-21.441795903461298|
|900|922.0180289635177|-22.018028963517736|
|900|921.5159691177307|-21.51596911773072|
|900|920.797465437788|-20.79746543778799|
|900|920.7879269658428|-20.787926965842757|
|900|920.7343967292657|-20.734396729265654|
|900|920.7980659311017|-20.798065931101746|
|900|920.790664360582|-20.790664360582014|
|900|922.3625709943205|-22.36257099432055|
|900|922.5293001123754|-22.52930011237538|
|900|922.7030539269376|-22.703053926937628|
|900|922.5091280826088|-22.509128082608754|
|900|922.3561497956155|-22.356149795615465|
|900|920.1876043921027|-20.187604392102685|
|900|920.421656393565|-20.421656393564945|
|900|920.6603286347247|-20.660328634724692|
|900|920.400086559401|-20.40008655940096|
|900|920.6492788500083|-20.649278850008272|
|900|921.2863408097733|-21.286340809773264|
|900|921.3624749141734|-21.36247491417339|
|900|921.057381698761|-21.05738169876099|
|900|921.3097887619083|-21.309788761908294|
|900|921.1506417269845|-21.15064172698453|
|100|85.77414095811386|14.225859041886139|
|100|85.84457305022654|14.155426949773457|
|100|86.20740534254705|13.792594657452952|
|100|85.84259120181747|14.15740879818253|
|100|86.29162670395465|13.708373296045352|
|100|86.44449858595124|13.555501414048763|
|100|86.59866218280075|13.401337817199249|
|100|86.47544960373908|13.52455039626092|
|100|86.29714034211649|13.702859657883508|
|100|86.46865657546813|13.531343424531869|
|100|86.29059360712297|13.709406392877028|
|100|86.05916073295822|13.940839267041781|
|100|86.22443816896785|13.77556183103215|
|100|86.1676753145824|13.832324685417603|
|100|86.09000394436131|13.909996055638686|
|100|87.6676295697301|12.332370430269904|
|100|87.3021580134508|12.697841986549193|
|100|87.04419705027242|12.955802949727584|
|100|86.80328346440567|13.196716535594334|
|100|87.27863799876717|12.721362001232833|
|100|86.88169191919192|13.118308080808077|
|100|86.76436477732882|13.235635222671178|
|100|86.78651939979133|13.213480600208669|
|100|86.81149982800137|13.188500171998626|
|100|86.7183687872873|13.281631212712696|
|100|85.4526451204855|14.5473548795145|
|100|85.3675108146656|14.632489185334407|
|100|85.4816714650663|14.518328534933701|
|100|85.39457657774538|14.605423422254617|
|100|85.46886317429554|14.531136825704465|
|200|190.94514169333723|9.054858306662766|
|200|190.79559240362812|9.20440759637188|
|200|190.82026603658002|9.179733963419977|
|200|190.9148716839677|9.085128316032296|
|200|191.02874743681912|8.971252563180883|
|200|190.5869745404911|9.413025459508901|
|200|190.78667399028137|9.213326009718628|
|200|190.7162121365095|9.283787863490488|
|200|190.68035254333708|9.31964745666292|
|200|190.74330304136907|9.256696958630926|
|200|190.5611251786491|9.438874821350907|
|200|190.56268357114305|9.437316428856946|
|200|190.45621784658312|9.543782153416885|
|200|190.4536935780398|9.546306421960196|
|200|190.62686445805|9.373135541950006|
|200|190.98999264797897|9.010007352021034|
|200|191.03382853593212|8.966171464067884|
|200|191.15496829950402|8.84503170049598|
|200|191.33545050963528|8.66454949036472|
|200|191.07020947160476|8.929790528395245|
|200|190.54493847093283|9.455061529067166|
|200|190.6442021366718|9.355797863328206|
|200|190.59744359574375|9.402556404256245|
|200|190.62375209415956|9.376247905840444|
|200|190.65934283242404|9.340657167575955|
|200|190.25286208757467|9.74713791242533|
|200|190.0522646109281|9.947735389071909|
|200|190.060875|9.93912499999999|
|200|190.09427936361476|9.90572063638524|
|200|190.0804628449559|9.919537155044111|
|300|295.0394129699747|4.9605870300252946|
|300|295.02256139524775|4.977438604752251|
|300|295.19531988311724|4.804680116882764|
|300|295.0602530730705|4.939746926929502|
|300|295.1067929911593|4.8932070088407045|
|300|295.07931591782824|4.920684082171761|
|300|294.93534632480646|5.06465367519354|
|300|294.8882225365394|5.111777463460612|
|300|294.99200863346084|5.007991366539159|
|300|294.98275561060774|5.0172443893922605|
|300|294.6818284829649|5.318171517035125|
|300|294.7063284938969|5.293671506103124|
|300|294.8993749617947|5.100625038205294|
|300|294.65769475791774|5.342305242082261|
|300|294.5796078149623|5.420392185037713|
|300|295.9928537739822|4.007146226017824|
|300|295.9640731493353|4.03592685066468|
|300|295.9200141639477|4.079985836052288|
|300|295.83798404499345|4.162015955006552|
|300|296.0336813759376|3.96631862406241|
|300|295.3548925260443|4.645107473955704|
|300|295.2079843821865|4.79201561781349|
|300|295.53869809273004|4.461301907269956|
|300|295.44714823820715|4.5528517617928514|
|300|295.2858695872321|4.714130412767872|
|300|294.6632472589206|5.336752741079408|
|300|294.8938469667586|5.106153033241412|
|300|294.73121422482035|5.268785775179651|
|300|294.5205757070293|5.479424292970691|
|300|294.719813414745|5.280186585255024|
|400|398.6483659256969|1.3516340743030923|
|400|398.632826960014|1.367173039986028|
|400|398.7085972027003|1.2914027972997246|
|400|398.65423898082315|1.345761019176848|
|400|398.7458841185158|1.2541158814842106|
|400|398.44735242118895|1.5526475788110474|
|400|398.5181946898371|1.4818053101628834|
|400|398.3819251942172|1.6180748057827827|
|400|398.446415034358|1.5535849656420169|
|400|398.44383970863555|1.5561602913644492|
|400|398.98294475470755|1.017055245292454|
|400|398.8568982983818|1.1431017016182068|
|400|398.80537700028606|1.1946229997139426|
|400|398.85581641023634|1.1441835897636565|
|400|398.83941357908395|1.1605864209160472|
|400|398.0540255890154|1.9459744109846042|
|400|398.309982940173|1.6900170598270279|
|400|397.80820132569374|2.1917986743062556|
|400|398.1338599259053|1.8661400740946874|
|400|397.92399769614104|2.0760023038589566|
|400|398.3619575657033|1.6380424342967217|
|400|398.51383424563807|1.4861657543619344|
|400|398.37591140000575|1.624088599994252|
|400|398.35423288413324|1.6457671158667608|
|400|398.30359561110134|1.6964043888986566|
|400|399.49097908956116|0.509020910438835|
|400|399.4876515823721|0.5123484176278907|
|400|399.3711355717453|0.6288644282547011|
|400|399.4896529221334|0.5103470778665837|
|400|399.418522125871|0.581477874129007|
|500|502.86550291060394|-2.8655029106039365|
|500|502.8216993137187|-2.821699313718682|
|500|503.0382763320382|-3.0382763320382082|
|500|502.91339866003364|-2.9133986600336357|
|500|502.61926468761646|-2.6192646876164645|
|500|503.35823453335763|-3.3582345333576313|
|500|503.6488510246261|-3.648851024626083|
|500|503.38794616977225|-3.387946169772249|
|500|503.4013656501862|-3.4013656501862215|
|500|503.56665043491546|-3.5666504349154593|
|500|503.3966161702747|-3.396616170274683|
|500|503.5208638181641|-3.5208638181641163|
|500|503.32634907068825|-3.326349070688252|
|500|503.1812221260734|-3.1812221260734077|
|500|503.38536499959343|-3.3853649995934347|
|500|505.1671916322467|-5.167191632246727|
|500|505.0895006534149|-5.089500653414916|
|500|505.14511099375466|-5.145110993754656|
|500|505.1189495247959|-5.11894952479588|
|500|505.0468620672866|-5.046862067286611|
|500|504.01324354657686|-4.013243546576859|
|500|504.04656745217886|-4.046567452178863|
|500|504.0552984285353|-4.055298428535309|
|500|504.0018775510204|-4.001877551020414|
|500|503.9991334051289|-3.999133405128873|
|500|504.5683399742568|-4.568339974256787|
|500|504.9062153437896|-4.906215343789597|
|500|504.75872849842017|-4.758728498420169|
|500|504.89168478580245|-4.891684785802454|
|500|504.9382079172291|-4.938207917229079|
|600|608.1264565883698|-8.12645658836982|
|600|608.3441424622124|-8.344142462212403|
|600|608.2927298579007|-8.292729857900667|
|600|608.0337200289812|-8.033720028981179|
|600|608.3619018251766|-8.361901825176574|
|600|609.1484915272856|-9.148491527285614|
|600|609.3523188367058|-9.352318836705763|
|600|609.1546119942768|-9.15461199427682|
|600|609.0729308279924|-9.072930827992423|
|600|608.9978008338913|-8.997800833891347|
|600|607.7746681926258|-7.774668192625768|
|600|608.5050374685997|-8.505037468599653|
|600|607.6502834516817|-7.65028345168173|
|600|607.6766452644082|-7.676645264408194|
|600|607.7711342880272|-7.771134288027156|
|600|609.22549323417|-9.225493234170017|
|600|609.2075114419204|-9.20751144192036|
|600|609.3643167074403|-9.364316707440253|
|600|609.0988242380973|-9.098824238097336|
|600|609.2276551199086|-9.227655119908604|
|600|609.62438119543|-9.624381195430033|
|600|609.0869488435684|-9.086948843568393|
|600|609.3638058632544|-9.363805863254356|
|600|609.4203989403147|-9.420398940314726|
|600|609.4064926258941|-9.406492625894089|
|600|609.5630206726319|-9.563020672631865|
|600|609.4644017637393|-9.46440176373926|
|600|610.7409672830726|-10.740967283072564|
|600|610.0186398568542|-10.018639856854179|
|600|610.9591934856669|-10.959193485666901|
|700|714.4745865478028|-14.4745865478028|
|700|714.4730742083843|-14.473074208384332|
|700|714.5918976456837|-14.59189764568373|
|700|714.6795585476956|-14.679558547695592|
|700|714.5070390990704|-14.507039099070425|
|700|713.5673358000217|-13.567335800021738|
|700|713.468240593885|-13.468240593884957|
|700|713.4234459360412|-13.423445936041162|
|700|713.2933479092098|-13.293347909209842|
|700|713.5542327394237|-13.554232739423696|
|700|712.7646421107628|-12.764642110762793|
|700|712.8461741194674|-12.846174119467378|
|700|712.8087481433855|-12.808748143385515|
|700|713.1172658839703|-13.117265883970276|
|700|712.6904533916695|-12.690453391669507|
|700|713.3317897714312|-13.331789771431204|
|700|713.4533780391403|-13.453378039140262|
|700|713.211316919384|-13.21131691938399|
|700|713.2308148544589|-13.230814854458913|
|700|713.3489432518109|-13.348943251810852|
|700|713.4455122600065|-13.445512260006467|
|700|713.6597729191087|-13.659772919108718|
|700|713.4677013513954|-13.467701351395363|
|700|713.7316902878919|-13.731690287891865|
|700|713.3559395695364|-13.355939569536417|
|700|712.9742668968884|-12.974266896888366|
|700|712.5398944082991|-12.53989440829912|
|700|713.236737367436|-13.236737367436035|
|700|713.4483758628032|-13.448375862803232|
|700|712.5693184952639|-12.569318495263929|
|800|817.4748096476392|-17.474809647639177|
|800|817.5353815353815|-17.535381535381475|
|800|817.4755260454617|-17.47552604546172|
|800|817.5234981105709|-17.523498110570927|
|800|817.5863124564864|-17.58631245648644|
|800|817.4261018087875|-17.426101808787507|
|800|817.4829458555612|-17.482945855561184|
|800|817.3624139894447|-17.36241398944469|
|800|817.2839711638886|-17.283971163888623|
|800|817.2655518948845|-17.26555189488454|
|800|818.9403518617212|-18.940351861721183|
|800|819.0668490406556|-19.066849040655597|
|800|818.9878835558786|-18.987883555878625|
|800|819.2511440250571|-19.2511440250571|
|800|819.2444098354733|-19.244409835473334|
|800|818.790214776231|-18.790214776230982|
|800|818.6481485477536|-18.648148547753635|
|800|818.7972189296771|-18.797218929677115|
|800|818.3917403054221|-18.391740305422104|
|800|818.6460174391276|-18.646017439127604|
|800|817.8115631492809|-17.811563149280914|
|800|817.8561781246144|-17.856178124614416|
|800|818.091108868103|-18.091108868102992|
|800|817.7405439541739|-17.74054395417386|
|800|817.9425298703068|-17.94252987030677|
|800|817.9025750729738|-17.902575072973832|
|800|817.9247075067219|-17.924707506721916|
|800|817.9800648993867|-17.98006489938666|
|800|817.9348428994185|-17.934842899418527|
|800|817.9165261888304|-17.916526188830403|
|900|920.7028798006504|-20.702879800650408|
|900|920.8242018401767|-20.82420184017667|
|900|920.6917546407278|-20.691754640727822|
|900|920.5420522444401|-20.54205224444013|
|900|920.7162638092537|-20.716263809253746|
|900|921.8053785343616|-21.80537853436158|
|900|921.8264042781007|-21.826404278100654|
|900|921.7406080048706|-21.740608004870637|
|900|921.8296729712564|-21.8296729712564|
|900|921.7909449760766|-21.790944976076617|
|900|921.6992564453407|-21.699256445340666|
|900|921.7326828171011|-21.732682817101136|
|900|921.5425447947624|-21.54254479476242|
|900|921.6620460694558|-21.662046069455755|
|900|921.7602146221366|-21.760214622136573|
|900|922.0485961123111|-22.04859611231109|
|900|921.5647377564003|-21.56473775640029|
|900|921.9915433403805|-21.99154334038053|
|900|921.8653951309486|-21.865395130948627|
|900|921.9744272834762|-21.97442728347619|
|900|922.3057883792634|-22.30578837926339|
|900|922.4618452949733|-22.461845294973273|
|900|922.2436000779209|-22.24360007792086|
|900|922.3542480692789|-22.354248069278924|
|900|922.3541709514211|-22.35417095142111|
|900|919.8956840857832|-19.89568408578316|
|900|920.0543358946213|-20.054335894621317|
|900|920.0149507665462|-20.014950766546235|
|900|919.9814561465582|-19.98145614655823|
|900|920.0373467341265|-20.03734673412646|